"speaker_listener","Ppron","Inhib","Space","Filler","Ipron","Time","Percept","Verbs","Quant","Discrep","Relativ","You","Article","Cause","Prep","Relig","Bio","We","Assent","Incl","Leisure","AuxVb","Hear","They","Posemo","Affect","Excl","Home","Friends","SheHe","Numbers","Body","I","Work","Tentat","Ingest","Motion","Anger","Achiev","Swear","Death","Social","CogMech","Nonflu","Family","Pronoun","Funct","Feel","Certain","Insight","Humans","Sad","Past","See","Future","Adverbs","Present","Money","Negate","Health","Conj","Anx","Negemo","Sexual"
"KING HENRY_SALISBURY",0.7008403262152253,0.010053406466512703,0.16885305182281837,0.00625,0.19552332175556145,0.5377835836700586,0.016303406466512703,0.8105361144092031,0.24744487108482288,0.2588240351270932,0.9736184484259025,0.37725324693311535,0.14525628942299795,0.4988753697500399,0.015487875288683603,0.0434757505773672,0.16805206892931868,0.0,0.18207706193092832,0.0077439376443418015,0.35895394274834036,0.0077439376443418015,0.0467378752886836,0.3150326310443351,0.4433356525993774,0.23140680768423263,0.004618937644341801,0.0077439376443418015,0.18989847959969205,0.40530640883631247,0.199960015661915,0.027172344110854504,0.07795850919805686,0.0179344688221709,0.12039090384211631,0.0023094688221709007,0.2709223441108545,0.018612875288683602,0.06545850919805686,0.0,0.0279878752886836,1.0161528043452555,0.8280903087192494,0.0,0.011547344110854504,0.8963636479707868,3.129220424167509,0.0,0.03991722744286056,0.04684563390937326,0.06151797802022776,0.010053406466512703,0.20832862653546205,0.0023094688221709007,0.06358256351039261,0.44835192333237117,0.04469543879907621,0.017118937644341803,0.12962877913079993,0.0108689376443418,0.2943134750203106,0.09107727097767512,0.12830302155504233,0.003125
"BEDFORD_SALISBURY",0.2833333333333333,0.0,0.23076923076923078,0.0,0.0,0.0,0.1,0.2602564102564103,0.15384615384615385,0.0,0.41410256410256413,0.08333333333333333,0.0,0.5679487179487179,0.0,0.0,0.0,0.0,0.24358974358974358,0.0,0.17692307692307693,0.0,0.1,0.3269230769230769,0.4269230769230769,0.0,0.0,0.0,0.0,0.2602564102564103,0.0,0.0,0.0,0.0,0.08333333333333333,0.0,0.18333333333333335,0.1,0.0,0.0,0.0,0.2833333333333333,0.3269230769230769,0.0,0.0,0.2833333333333333,1.2653846153846153,0.0,0.0,0.0,0.0,0.0,0.0,0.1,0.0,0.0,0.1,0.0,0.0,0.0,0.23717948717948717,0.0,0.1,0.0
"BARDOLPH_HOSTESS",0.5625,0.0,0.14821428571428572,0.0,0.17142857142857143,0.0,0.12142857142857143,0.4535714285714285,0.0625,0.0,0.3053571428571429,0.2,0.0,0.5321428571428571,0.0625,0.0,0.0,0.0,0.13392857142857142,0.0,0.24642857142857144,0.07142857142857142,0.0,0.15000000000000002,0.21250000000000002,0.125,0.0,0.0,0.1625,0.25535714285714284,0.0,0.0,0.10714285714285714,0.05,0.0625,0.0,0.15714285714285714,0.0625,0.0,0.0625,0.0,1.0464285714285715,0.2589285714285714,0.0,0.07142857142857142,0.7339285714285715,2.151785714285714,0.05,0.0,0.0,0.25,0.0,0.20714285714285713,0.0,0.03571428571428571,0.17142857142857143,0.35357142857142854,0.05,0.1,0.0,0.16964285714285715,0.0,0.0625,0.0
"WILLIAMS_GOWER",2.7889558332922784,0.0,0.3189658607655522,0.014705882352941176,1.21285280686876,0.6409799358112042,0.24364716138171513,3.1591205726790443,0.5755978510807308,0.24257766692904156,1.1313316884652995,1.232896412153378,0.17112992933070015,2.0693757741345307,0.09761904761904762,0.4159739289545259,0.379004329004329,0.0,0.6320654805444722,0.0,1.8305830877651201,0.1339980385746976,0.05223880597014925,0.7553419744474743,1.0404751321881824,0.4204551774400597,0.0,0.01694915254237288,0.20123901802826744,1.729646507709489,0.05,0.26068515543084,0.9544697872661351,0.09782608695652173,0.44438385338805086,0.0,0.18609177424148457,0.2462979221539362,0.08115942028985507,0.0,0.13601016655851178,2.735055449769037,2.581585965967982,0.29944918265813786,0.007462686567164179,4.0018086401610375,10.873063308596786,0.02631578947368421,0.2524823170840794,0.8027007818052594,0.13824707469630906,0.007462686567164179,0.7996733803125883,0.08333333333333333,0.7509720114692962,0.6353528028101577,0.4046588826579807,0.19857853589196872,0.5495192106693423,0.15528877352368592,1.0537993130789138,0.0,0.28513315774070824,0.0
"KING HENRY_CANTERBURY",0.6058558074086025,0.021717171717171718,0.4961073318216176,0.016666666666666666,0.34877658573310755,0.1334613511632145,0.059874103352364226,0.7213713592595581,0.14872968071725837,0.06106988249845392,0.7307275655101741,0.06707656272873663,0.22707106558038234,0.9063893893086441,0.059867381295952725,0.17434758708050635,0.3687437820978194,0.0,0.5582948682327565,0.015898111550285463,0.4240446464048948,0.015151515151515152,0.03675157370809545,0.4420835088536952,0.5751021005679391,0.12618479978728425,0.013102632357290742,0.021739130434782608,0.07825534254105683,0.40569910880469884,0.015898111550285463,0.10895452603527138,0.04856596129888055,0.01815313740779579,0.08449221585867547,0.005050505050505051,0.09640847994885263,0.03041282389108476,0.11588556371165067,0.0,0.039489093836919925,0.9974495024184464,1.1170979239302221,0.0179549114331723,0.2326678497485951,0.9546323931417099,3.40576916757041,0.018818620992534035,0.14505002703760467,0.08310089956052688,0.021051688132433473,0.038947445469184605,0.36797433070724994,0.013746157224418094,0.204185451079861,0.1579236613398104,0.09051502902434579,0.013102632357290742,0.12207911711017301,0.03256477821695213,0.36073168837144,0.04055775142731664,0.13301859171424388,0.027777777777777776
"BATES_GOWER",0.5564726894273924,0.0,0.10439024390243903,0.0,0.10321377331420373,0.15584535226157215,0.0,1.017308154048023,0.11044715447154471,0.41876678628140435,0.26023559616401115,0.08695652173913043,0.12669203418376895,0.6987868515715713,0.0,0.05263157894736842,0.199862765891086,0.0,0.3341610115051211,0.02,0.6697041368313803,0.0,0.0,0.2274467178175618,0.3896134682036011,0.2993236131311373,0.0,0.08695652173913043,0.2816666666666667,0.2834493694782149,0.0,0.0,0.05263157894736842,0.0,0.08786850477200424,0.0,0.0,0.05263157894736842,0.02,0.0,0.0,1.0245390509834564,1.5408457079321096,0.0,0.0,0.659686462741596,3.08535056529728,0.0,0.06166666666666666,0.32371385703357636,0.041666666666666664,0.041666666666666664,0.23483739837398376,0.0,0.22035515618314075,0.21944317315026696,0.4129867351305092,0.041666666666666664,0.21145510835913311,0.0,0.4061352073340359,0.0,0.16216675038603934,0.05263157894736842
"CAMBRIDGE_WESTMORELAND",0.34285714285714286,0.022222222222222223,0.05347222222222223,0.0,0.1111111111111111,0.1888888888888889,0.03125,0.5366071428571428,0.0,0.0,0.24236111111111114,0.022222222222222223,0.06666666666666667,0.4005952380952381,0.2095238095238095,0.05347222222222223,0.0,0.0,0.18472222222222223,0.0,0.3942460317460318,0.0,0.0,0.08472222222222223,0.31865079365079363,0.05347222222222223,0.0,0.0,0.09791666666666667,0.2942460317460317,0.06666666666666667,0.03125,0.32063492063492066,0.05347222222222223,0.1,0.0,0.0,0.1,0.07569444444444445,0.0,0.03125,0.18253968253968256,0.551984126984127,0.0,0.0,0.45396825396825397,1.8606150793650795,0.0,0.0,0.1693452380952381,0.0,0.03125,0.10694444444444445,0.0,0.12222222222222223,0.2,0.0,0.0,0.05347222222222223,0.0,0.20694444444444446,0.03125,0.23392857142857143,0.022222222222222223
"RAMBURES_ORLEANS",0.4207336523125997,0.0,0.09090909090909091,0.0,0.13636363636363635,0.09808612440191387,0.045454545454545456,0.4972886762360446,0.0,0.0,0.27990430622009566,0.05263157894736842,0.0,0.6398268398268399,0.0,0.19548872180451127,0.10526315789473684,0.0,0.14354066985645933,0.0,0.36092503987240826,0.0,0.1719298245614035,0.06666666666666667,0.1719298245614035,0.045454545454545456,0.0,0.0,0.045454545454545456,0.2556618819776714,0.09090909090909091,0.05263157894736842,0.09090909090909091,0.0,0.045454545454545456,0.14285714285714285,0.09090909090909091,0.0,0.0,0.0,0.0,0.32982456140350874,0.18899521531100477,0.0,0.0,0.557097288676236,2.0018227386648437,0.0,0.0,0.0,0.0,0.10526315789473684,0.18831168831168832,0.045454545454545456,0.19617224880382775,0.06666666666666667,0.0,0.0,0.0,0.0,0.09808612440191387,0.0,0.10526315789473684,0.0
"KING HENRY_WESTMORELAND",6.438095864562728,0.17369620195816984,1.6789499837112536,0.20339921535774935,1.8701899885672368,1.5995253305987054,1.2303495190069322,5.76228875967252,0.9604154393840943,0.791475906441086,3.989574044243178,1.7211198976988782,0.8382334818553997,5.575517272658414,0.8613786685256576,2.052607661362266,1.6989517599760897,0.0,2.659697867318851,0.07183002604389346,3.8087959116287533,0.5790374118748373,0.3282126973798132,3.583787920054603,4.226691340368734,0.9401099962433473,0.16663771346679296,0.05236755936311022,0.4736872920745788,3.2253062741431253,0.40744727365774536,0.7504547177312079,1.6479795564500006,0.3017767554789538,0.7534375070189322,0.12362540520315311,0.8409065522613932,0.22711272074965644,0.7217495415453572,0.00375234521575985,0.1155405627684344,7.596544031469965,6.781979580484818,0.1389583127937165,1.0206919232645044,8.308285853129966,25.63580959148327,0.24868304328604093,0.6220157422562044,0.6744869495305179,0.3253195157996523,0.16180297090711326,2.0310492574599563,0.23499658905308554,1.3607331744849442,1.76509920566391,1.09538528164741,0.1230961651442255,0.7984125818673371,0.20460999798497484,3.0243511469560573,0.18743739163377704,0.6429034203141307,0.9856822463252833
"WESTMORELAND_KING HENRY",0.4725258799171843,0.0,0.4160179434092478,0.0,0.2587301587301587,0.36187715665976533,0.02,0.5292063492063492,0.17838509316770185,0.09523809523809523,0.7778951000690131,0.047619047619047616,0.023809523809523808,0.5121946169772256,0.0,0.08761904761904762,0.15000000000000002,0.0,0.3725258799171842,0.0,0.4615873015873016,0.02,0.06728778467908902,0.047619047619047616,0.21047619047619048,0.0,0.0,0.0,0.05,0.29253968253968254,0.2134782608695652,0.047619047619047616,0.14761904761904762,0.0,0.023809523809523808,0.04,0.0,0.11523809523809524,0.08695652173913043,0.02,0.0,0.8558454106280193,0.8048792270531401,0.0,0.043478260869565216,0.731256038647343,2.8965562456866802,0.0,0.13076604554865423,0.047619047619047616,0.1611111111111111,0.047619047619047616,0.23492063492063492,0.0,0.11904761904761904,0.24492063492063493,0.06,0.023809523809523808,0.07380952380952381,0.0,0.28600414078674946,0.0,0.16285714285714284,0.0
"BURGUNDY_ALICE",0.9426732598294203,0.032372859020423486,0.1563458827069142,0.0028653295128939827,0.20917689309523121,0.32756396739204763,0.257331561307206,0.9379409100397639,0.025787965616045846,0.10057808052077392,0.5248786976580674,0.13676846341602789,0.07921967001479896,0.535658056789862,0.19281394610907504,0.30065472042549407,0.08862054850593531,0.0,0.09720895680781066,0.011461318051575931,0.4686640259347996,0.06536532951289398,0.18758755173511618,0.3385220849404231,0.36383774349390396,0.32722051375346506,0.04622719952232846,0.0,0.16310351804621145,0.6453459559118584,0.0,0.04490065808117384,0.22805213464239252,0.0385758251087764,0.06581219905002139,0.0028653295128939827,0.04383417707199942,0.019584999527692937,0.02005730659025788,0.0,0.0028653295128939827,1.0534191347228594,0.8177004651933018,0.018518518518518517,0.0742939009414654,1.1518501529246514,3.048305261808127,0.027114507057200466,0.0444283510186089,0.12198736607762396,0.013854340501904972,0.0028653295128939827,0.14849137252432382,0.16485172473711157,0.11850242509268297,0.06808335461630591,0.3126335725189593,0.0057306590257879654,0.3463586437440306,0.04622719952232846,0.3901608672024145,0.0,0.025315658553480905,0.23150488480001374
"ERPINGHAM_BEDFORD",0.3893217893217893,0.0,0.1,0.045454545454545456,0.045454545454545456,0.045454545454545456,0.045454545454545456,0.18831168831168832,0.0,0.0,0.26666666666666666,0.15555555555555556,0.0,0.26666666666666666,0.3984126984126984,0.0,0.0,0.0,0.0,0.0,0.18831168831168832,0.045454545454545456,0.0,0.33636363636363636,0.3919191919191919,0.0,0.0,0.0,0.0,0.0,0.0,0.0,0.23376623376623376,0.0,0.045454545454545456,0.0,0.16666666666666666,0.05555555555555555,0.09090909090909091,0.0,0.0,0.201010101010101,0.10101010101010101,0.0,0.0,0.43477633477633476,0.9806637806637807,0.0,0.0,0.05555555555555555,0.0,0.0,0.045454545454545456,0.0,0.18831168831168832,0.045454545454545456,0.0,0.0,0.0,0.0,0.045454545454545456,0.0,0.05555555555555555,0.0
"CANTERBURY_KING HENRY",0.42854379863996706,0.07488021902806297,0.32610529013865297,0.01079136690647482,0.19873360202947812,0.2123665813553101,0.06561894866064451,0.40993551495923486,0.1350639062675597,0.011198974762258436,0.6129199850365254,0.08505988603324165,0.10425803738966129,0.7775872221724686,0.2205135575923117,0.08419480185811624,0.0372752106323155,0.0,0.28444385772918795,0.031033882317886355,0.2556954742180666,0.019707805234959522,0.05309061545381197,0.23094941716009115,0.2994873967544054,0.03274579232033194,0.014388489208633094,0.007194244604316547,0.08323744955037882,0.23929992677440992,0.08946944633117832,0.06294326241134751,0.052162493762524464,0.029694240151589682,0.04847418539457394,0.004106776180698152,0.07095303726316049,0.0,0.10670539566304113,0.0070921985815602835,0.02773203812703286,0.5189408432638084,0.6102130358577245,0.01714476326607057,0.025383371925379004,0.6272774006694452,2.6595175353207003,0.035119776519210166,0.057492669745814906,0.07796768745168137,0.03020389403012956,0.032872894641000336,0.40315625433790886,0.0,0.0113010207850147,0.0678655688395421,0.20095559275807345,0.0314312064519474,0.040541138568292855,0.01714476326607057,0.27599698270582923,0.021378641767437114,0.06853797959431428,0.0
"CONSTABLE_MESSENGER",0.5904302837494778,0.0053475935828877,0.29600981431809203,0.043478260869565216,0.14413672835480582,0.1653255991600449,0.1340385956754243,0.7906940614008171,0.21475539710833827,0.10695187165775402,0.617067772940769,0.0053475935828877,0.029737837485326726,0.5934895710268425,0.12334340850964892,0.1422304890335581,0.11654710664753706,0.0,0.4844773184614742,0.016042780748663103,0.5941799211838511,0.10160427807486631,0.419755095714175,0.07591257847012323,0.2650236379136635,0.10990437928869717,0.0053475935828877,0.0,0.22955040602099425,0.3253529619695174,0.0,0.08805704099821747,0.04878048780487805,0.0,0.12794612794612795,0.04882585445245292,0.07856369193777965,0.07111524451677904,0.0053475935828877,0.0053475935828877,0.09090909090909091,0.8265740598969967,0.9244364296700396,0.0,0.0,0.7345670121042837,3.1392867606890436,0.02708672401767031,0.03208556149732621,0.03333333333333333,0.06412376105470734,0.0,0.46773759258944214,0.0053475935828877,0.23579069341030542,0.07111524451677904,0.037037037037037035,0.042384630619924736,0.08106555753614576,0.0053475935828877,0.4473992414108439,0.0962566844919786,0.18911105944354026,0.0053475935828877
"WESTMORELAND_FRENCH KING",0.043478260869565216,0.0,0.043478260869565216,0.0,0.0,0.08695652173913043,0.0,0.0,0.0,0.08695652173913043,0.0,0.13043478260869565,0.0,0.0,0.043478260869565216,0.08695652173913043,0.0,0.0,0.0,0.0,0.0,0.0,0.0,0.0,0.0,0.043478260869565216,0.0,0.0,0.0,0.0,0.0,0.0,0.0,0.0,0.0,0.0,0.0,0.0,0.08695652173913043,0.0,0.0,0.08695652173913043,0.13043478260869565,0.0,0.043478260869565216,0.043478260869565216,0.34782608695652173,0.0,0.08695652173913043,0.0,0.0,0.0,0.0,0.0,0.0,0.0,0.043478260869565216,0.0,0.0,0.0,0.08695652173913043,0.0,0.0,0.0
"KING HENRY_ERPINGHAM",2.9690374728627114,0.021272308046860065,0.95240518066155,0.015202476572958501,1.2977683323964413,1.422710486947861,0.6395428066285028,3.6417183544192104,0.5060838358771221,0.7225730840537823,2.7226882418560896,1.4122172687386412,0.23095148295177467,2.5971784077309503,0.17137032110134354,0.33372796454579234,0.21359182288183762,0.0,0.8471420590337677,0.03276067124541275,2.4146763680726444,0.2668413417535322,0.2197247045169342,1.8478475846328262,2.143755102174648,0.73286727296502,0.01123240449877251,0.6744106043110085,0.3414478074648094,1.9708571587723414,0.20397607991894312,0.22619203835281715,0.6066243569335353,0.2635511738177708,0.6118979852626464,0.006325533079199013,0.36046558199746587,0.10265320612673162,0.3241234982454451,0.007202837323319251,0.10243614905332021,4.218437143459083,3.2178636849523095,0.14285714285714285,0.06102514784707121,4.266805805259152,14.112160153202005,0.13721030305094384,0.36838246771720984,0.1400561701944566,0.3233409797989181,0.03827757774200318,1.567078923519195,0.27292026419843685,0.7382620941598464,1.4982598848896556,0.7264526785618163,0.03495130607911988,0.512000906255054,0.06368803483089229,1.2596340694378738,0.13779576586797115,0.2959075175418216,0.037522358282883875
"EXETER_HERALD",0.0,0.0,0.0,0.0,0.029411764705882353,0.029411764705882353,0.0,0.0,0.029411764705882353,0.029411764705882353,0.029411764705882353,0.0,0.0,0.11764705882352941,0.029411764705882353,0.0,0.0,0.0,0.08823529411764706,0.0,0.0,0.0,0.0,0.3333333333333333,0.3333333333333333,0.0,0.0,0.0,0.0,0.0,0.058823529411764705,0.0,0.0,0.0,0.0,0.0,0.0,0.0,0.0,0.0,0.0,0.058823529411764705,0.11764705882352941,0.0,0.029411764705882353,0.029411764705882353,0.3235294117647059,0.0,0.0,0.0,0.029411764705882353,0.0,0.029411764705882353,0.0,0.0,0.0,0.0,0.0,0.0,0.0,0.08823529411764706,0.0,0.0,0.0
"CHORUS_WARWICK",0.058333333333333334,0.008333333333333333,0.075,0.0,0.041666666666666664,0.10833333333333334,0.016666666666666666,0.008333333333333333,0.058333333333333334,0.03333333333333333,0.0,0.1,0.041666666666666664,0.0,0.041666666666666664,0.06666666666666667,0.008333333333333333,0.008333333333333333,0.008333333333333333,0.016666666666666666,0.016666666666666666,0.016666666666666666,0.016666666666666666,0.008333333333333333,0.0,0.025,0.03333333333333333,0.041666666666666664,0.008333333333333333,0.0,0.03333333333333333,0.0,0.0,0.041666666666666664,0.008333333333333333,0.0,0.0,0.0,0.06666666666666667,0.0,0.0,0.016666666666666666,0.10833333333333334,0.0,0.1,0.008333333333333333,0.31666666666666665,0.008333333333333333,0.008333333333333333,0.008333333333333333,0.0,0.008333333333333333,0.041666666666666664,0.0,0.0,0.008333333333333333,0.0,0.0,0.0,0.016666666666666666,0.05,0.0,0.008333333333333333,0.0
"FLUELLEN_BEDFORD",0.399537037037037,0.009259259259259259,0.037037037037037035,0.0,0.18796296296296297,0.03009259259259259,0.03009259259259259,0.2875,0.009259259259259259,0.03009259259259259,0.06712962962962962,0.37870370370370365,0.0,0.12037037037037036,0.1,0.05092592592592592,0.020833333333333332,0.0,0.250462962962963,0.0,0.21805555555555556,0.009259259259259259,0.0,0.018518518518518517,0.11805555555555555,0.027777777777777776,0.0,0.0,0.009259259259259259,0.12962962962962962,0.0,0.041666666666666664,0.0,0.0,0.009259259259259259,0.0,0.0,0.048611111111111105,0.0,0.041666666666666664,0.0,0.4597222222222222,0.375462962962963,0.0,0.0,0.5875,1.5074074074074075,0.0,0.009259259259259259,0.048611111111111105,0.0,0.0,0.2361111111111111,0.020833333333333332,0.13935185185185184,0.05092592592592592,0.0,0.0,0.018518518518518517,0.009259259259259259,0.2875,0.0,0.09953703703703703,0.041666666666666664
"EXETER_WESTMORELAND",0.5061287279029214,0.025974025974025976,0.424975024975025,0.0,0.195209002467067,0.1373516268677559,0.025974025974025976,0.7542638365219011,0.2395021645021645,0.2074314574314574,0.6012876908038198,0.21536393713813068,0.01818181818181818,1.3572110685013912,0.03225806451612903,0.09541847041847042,0.012987012987012988,0.0,0.4006493506493506,0.04524507750314202,0.7282898105478751,0.012987012987012988,0.08333333333333333,0.31271237722850626,0.43768328445747795,0.05894660894660895,0.025974025974025976,0.0,0.2361111111111111,0.1675394497975143,0.17965367965367965,0.06764069264069264,0.16666666666666666,0.025974025974025976,0.012987012987012988,0.0,0.025974025974025976,0.025974025974025976,0.041666666666666664,0.0,0.027777777777777776,0.788571285345479,1.0581419476580767,0.0,0.041666666666666664,0.7013377303699885,4.26301807511485,0.012987012987012988,0.18323209049015501,0.0,0.027777777777777776,0.05375180375180375,0.4796717619298265,0.0,0.2256132756132756,0.29120467346273804,0.1015151515151515,0.0,0.01818181818181818,0.027777777777777776,0.39206349206349206,0.0,0.12497090722897174,0.0
"KING HENRY_GOVERNOR",0.06528189910979229,0.017804154302670624,0.04747774480712166,0.008902077151335312,0.008902077151335312,0.03857566765578635,0.02373887240356083,0.06231454005934718,0.011869436201780416,0.002967359050445104,0.09792284866468842,0.011869436201780416,0.008902077151335312,0.12462908011869436,0.008902077151335312,0.032640949554896145,0.01483679525222552,0.002967359050445104,0.04747774480712166,0.002967359050445104,0.04451038575667656,0.002967359050445104,0.008902077151335312,0.026706231454005934,0.07418397626112759,0.008902077151335312,0.17260138476755688,0.0,0.005934718100890208,0.03560830860534125,0.005934718100890208,0.02373887240356083,0.017804154302670624,0.005934718100890208,0.011869436201780416,0.0,0.017804154302670624,0.032640949554896145,0.01483679525222552,0.011869436201780416,0.011869436201780416,0.09198813056379822,0.11869436201780416,0.0,0.011869436201780416,0.07418397626112759,0.3768545994065282,0.01483679525222552,0.008902077151335312,0.01483679525222552,0.01483679525222552,0.0,0.05934718100890208,0.005934718100890208,0.01483679525222552,0.011869436201780416,0.01483679525222552,0.002967359050445104,0.005934718100890208,0.005934718100890208,0.050445103857566766,0.008902077151335312,0.04747774480712166,0.005934718100890208
"FRENCH KING_BURGUNDY",0.750120247352331,0.06850459482038429,0.034482758620689655,0.015873015873015872,0.16875522138680032,0.13088229404461532,0.09061903426916043,0.5226248688724895,0.2902473734096947,0.0,0.2423868755151124,0.32448275862068965,0.16374269005847952,0.5108505213130949,0.034482758620689655,0.09613627564847077,0.16580231065468548,0.0,0.32615483199166967,0.0,0.37963751543141566,0.0,0.12510179288985007,0.42666279519938055,0.5087646014391178,0.07702182284980744,0.06896551724137931,0.015873015873015872,0.04,0.40560304602268216,0.06439024390243903,0.0802632597754549,0.10298735344107394,0.024390243902439025,0.06439024390243903,0.0,0.06850459482038429,0.08210180623973727,0.05613627564847077,0.0,0.05035577449370553,0.9044053433274806,0.9319127367057959,0.0,0.1085045948203843,0.9188754687391312,2.649889238093833,0.0,0.2359496442255063,0.15989159891598914,0.0,0.0,0.13361902091927325,0.07474601839614456,0.07702182284980744,0.06850459482038429,0.031746031746031744,0.0,0.10298735344107394,0.015873015873015872,0.18077714611732582,0.0,0.08210180623973727,0.0
"PISTOL_NYM",1.5652677979437293,0.144066985645933,0.4705016816715428,0.011235955056179775,0.21460317460317457,0.1851081355073076,0.39639210639210637,2.0187536837792517,0.36531977571894775,0.11036036036036036,0.8873297366574926,0.8032373578559268,0.02702702702702703,0.9926546167369559,0.07530001912024384,0.6910893013702002,0.19235607999652943,0.013888888888888888,0.8152974947336097,0.11242643124665597,1.3824367863831113,0.15476190476190477,0.08333333333333333,0.27402148706110857,0.6637845024024451,0.11904761904761904,0.2159090909090909,0.02909309791332263,0.23809523809523808,1.1873428169692128,0.0,0.5710871125477868,0.30401019969027065,0.3271947710149957,0.4288720538720539,0.10876623376623376,0.2429558745348219,0.3562662833151927,0.05405405405405406,0.14412767411776006,0.06624271330153683,1.5710802091553124,1.7046951953288263,0.0,0.03101503759398496,1.7798709725469037,5.811563956595263,0.2146031746031746,0.12159631541654013,0.011235955056179775,0.04949893713938658,0.0196078431372549,0.555370824063905,0.0,0.5550526466315939,0.28813607051336204,0.2093578540946962,0.5119047619047619,0.02909309791332263,0.0,0.6259328053689204,0.0,0.38976301534133656,0.025124843945068663
"CONSTABLE_BRITAINE",0.4150993883792049,0.009174311926605505,0.17087155963302753,0.009174311926605505,0.05584862385321101,0.10668960244648318,0.06085626911314984,0.3275229357798165,0.05500764525993884,0.04583333333333334,0.2775611620795107,0.0125,0.0125,0.3725917431192661,0.05168195718654434,0.10837155963302753,0.1967125382262997,0.0,0.14086391437308868,0.021674311926605506,0.21834862385321102,0.0125,0.09755351681957186,0.11918960244648319,0.22836391437308867,0.130848623853211,0.021674311926605506,0.0,0.04583333333333334,0.18084862385321102,0.0125,0.03918195718654434,0.03333333333333333,0.03333333333333333,0.04583333333333334,0.027522935779816515,0.009174311926605505,0.03333333333333333,0.08834097859327217,0.0,0.0,0.6426223241590214,0.38505351681957184,0.0125,0.0,0.4709480122324159,1.6194571865443426,0.009174311926605505,0.020833333333333332,0.04583333333333334,0.04250764525993884,0.009174311926605505,0.17668195718654434,0.030007645259938837,0.05500764525993884,0.07335626911314985,0.14166666666666666,0.009174311926605505,0.08501529051987768,0.041666666666666664,0.15168195718654434,0.020833333333333332,0.10917431192660551,0.0
"SALISBURY_EXETER",0.23254237288135593,0.0,0.09694915254237288,0.0,0.0,0.07389830508474576,0.0,0.09694915254237288,0.09084745762711866,0.0,0.19389830508474576,0.01694915254237288,0.0,0.2447457627118644,0.056949152542372886,0.01694915254237288,0.09084745762711866,0.0,0.14779661016949153,0.0,0.09694915254237288,0.0,0.04,0.12474576271186441,0.1816949152542373,0.0,0.0,0.0,0.0,0.04,0.0,0.01694915254237288,0.0847457627118644,0.0,0.0,0.0,0.0,0.04,0.0,0.0,0.0,0.19864406779661017,0.2216949152542373,0.0,0.0,0.23254237288135593,0.6989830508474576,0.0,0.07389830508474576,0.0,0.0,0.0,0.01694915254237288,0.0,0.056949152542372886,0.0,0.0,0.0,0.01694915254237288,0.0,0.03389830508474576,0.01694915254237288,0.056949152542372886,0.0
"ELY_WESTMORELAND",0.10909090909090909,0.0,0.05454545454545454,0.0,0.03636363636363636,0.09090909090909091,0.0,0.0,0.01818181818181818,0.0,0.0,0.09090909090909091,0.01818181818181818,0.01818181818181818,0.07272727272727272,0.12727272727272726,0.0,0.05454545454545454,0.0,0.01818181818181818,0.0,0.0,0.01818181818181818,0.0,0.0,0.05454545454545454,0.01818181818181818,0.01818181818181818,0.0,0.0,0.01818181818181818,0.05454545454545454,0.01818181818181818,0.0,0.0,0.0,0.0,0.0,0.0,0.0,0.01818181818181818,0.01818181818181818,0.09090909090909091,0.0,0.14545454545454545,0.0,0.38181818181818183,0.0,0.0,0.01818181818181818,0.0,0.0,0.0,0.0,0.0,0.01818181818181818,0.0,0.0,0.0,0.0,0.05454545454545454,0.0,0.0,0.0
"HERALD_WILLIAMS",0.0,0.0,0.0,0.0,0.0,0.0,0.0,0.0,0.1111111111111111,0.0,0.0,0.0,0.1111111111111111,0.0,0.0,0.1111111111111111,0.0,0.1111111111111111,0.0,0.1111111111111111,0.0,0.0,0.1111111111111111,0.1111111111111111,0.0,0.0,0.0,0.2222222222222222,0.0,0.0,0.0,0.0,0.0,0.0,0.0,0.0,0.0,0.0,0.0,0.0,0.0,0.0,0.0,0.0,0.0,0.0,0.4444444444444444,0.0,0.0,0.0,0.0,0.0,0.0,0.0,0.0,0.0,0.0,0.0,0.0,0.0,0.0,0.0,0.1111111111111111,0.0
"BURGUNDY_WARWICK",0.9426732598294203,0.032372859020423486,0.1563458827069142,0.0028653295128939827,0.20917689309523121,0.32756396739204763,0.257331561307206,0.9379409100397639,0.025787965616045846,0.10057808052077392,0.5248786976580674,0.13676846341602789,0.07921967001479896,0.535658056789862,0.19281394610907504,0.30065472042549407,0.08862054850593531,0.0,0.09720895680781066,0.011461318051575931,0.4686640259347996,0.06536532951289398,0.18758755173511618,0.3385220849404231,0.36383774349390396,0.32722051375346506,0.04622719952232846,0.0,0.16310351804621145,0.6453459559118584,0.0,0.04490065808117384,0.22805213464239252,0.0385758251087764,0.06581219905002139,0.0028653295128939827,0.04383417707199942,0.019584999527692937,0.02005730659025788,0.0,0.0028653295128939827,1.0534191347228594,0.8177004651933018,0.018518518518518517,0.0742939009414654,1.1518501529246514,3.048305261808127,0.027114507057200466,0.0444283510186089,0.12198736607762396,0.013854340501904972,0.0028653295128939827,0.14849137252432382,0.16485172473711157,0.11850242509268297,0.06808335461630591,0.3126335725189593,0.0057306590257879654,0.3463586437440306,0.04622719952232846,0.3901608672024145,0.0,0.025315658553480905,0.23150488480001374
"SCROOP_KING HENRY",0.699694421468615,0.037037037037037035,0.0,0.0,0.07987711213517665,0.0,0.0,0.42943630443630443,0.22029225255031706,0.12454212454212454,0.0,0.125,0.03225806451612903,0.2660863628605564,0.037037037037037035,0.03225806451612903,0.0,0.0,0.17216117216117216,0.0,0.3818172568172568,0.0,0.0,0.23087426313232765,0.37709244160857064,0.11396011396011396,0.0,0.0,0.125,0.17216117216117216,0.0,0.03225806451612903,0.423697270471464,0.17511520737327188,0.20146520146520147,0.0,0.0,0.037037037037037035,0.10918114143920596,0.0,0.03225806451612903,0.38517829243635693,0.5074376042117977,0.0,0.0,0.7795715336037917,1.905096695419276,0.0,0.0,0.06451612903225806,0.07692307692307693,0.0,0.06929510155316607,0.0,0.09523809523809523,0.07407407407407407,0.150997150997151,0.06451612903225806,0.0,0.0,0.11396011396011396,0.07692307692307693,0.146218178476243,0.0
"BURGUNDY_BEDFORD",0.9426732598294203,0.032372859020423486,0.1563458827069142,0.0028653295128939827,0.20917689309523121,0.32756396739204763,0.257331561307206,0.9379409100397639,0.025787965616045846,0.10057808052077392,0.5248786976580674,0.13676846341602789,0.07921967001479896,0.535658056789862,0.19281394610907504,0.30065472042549407,0.08862054850593531,0.0,0.09720895680781066,0.011461318051575931,0.4686640259347996,0.06536532951289398,0.18758755173511618,0.3385220849404231,0.36383774349390396,0.32722051375346506,0.04622719952232846,0.0,0.16310351804621145,0.6453459559118584,0.0,0.04490065808117384,0.22805213464239252,0.0385758251087764,0.06581219905002139,0.0028653295128939827,0.04383417707199942,0.019584999527692937,0.02005730659025788,0.0,0.0028653295128939827,1.0534191347228594,0.8177004651933018,0.018518518518518517,0.0742939009414654,1.1518501529246514,3.048305261808127,0.027114507057200466,0.0444283510186089,0.12198736607762396,0.013854340501904972,0.0028653295128939827,0.14849137252432382,0.16485172473711157,0.11850242509268297,0.06808335461630591,0.3126335725189593,0.0057306590257879654,0.3463586437440306,0.04622719952232846,0.3901608672024145,0.0,0.025315658553480905,0.23150488480001374
"KING HENRY_QUEEN ISABEL",3.732493808560948,0.12989604646513767,0.7408081319139159,0.17595766181325465,1.0839731466426303,0.6422321080377094,1.0083051013270983,3.4294590986594007,0.4111948190473269,0.421648396953485,1.6181925944748656,1.1019340527523682,0.2696718308092331,2.8253501470624633,0.6268108526208578,1.6200332047996309,0.5472699983676655,0.0,1.32936258925653,0.01740860460647932,2.3807455740584937,0.5160306826346508,0.15988993888662767,2.2542654265193893,2.481833744960538,0.4029721354675068,0.1470399708572805,0.022884491283985814,0.16007580611174707,1.9677813221521376,0.1640272774202612,0.5390187863433245,1.3000879464693342,0.1905858538136564,0.45715317651357534,0.010506190133646311,0.3901483610071537,0.0983852088560596,0.4195533697001391,0.0,0.0023094688221709007,3.979289542472737,3.5049255498209497,0.09719387755102041,0.5870565736866891,4.816466955203578,14.018970534509192,0.16561184613275282,0.38066487759012035,0.4180806182739996,0.1402840106162822,0.1,1.153339844798056,0.185715139844211,0.9635447673190223,0.8346312261713434,0.6553351136842334,0.07658500238241196,0.3401314052950136,0.13124581087326706,1.974568071965185,0.01278966696213752,0.22756831844114792,0.9392624174493928
"MONTJOY_BEDFORD",0.16951469583048528,0.0,0.05194805194805195,0.0,0.025974025974025976,0.06561859193438141,0.06561859193438141,0.18318523581681476,0.13123718386876282,0.03896103896103896,0.13055365686944634,0.14354066985645933,0.012987012987012988,0.2909090909090909,0.012987012987012988,0.012987012987012988,0.0,0.0,0.03896103896103896,0.012987012987012988,0.0786056049213944,0.05263157894736842,0.025974025974025976,0.10457963089542037,0.10457963089542037,0.0,0.0,0.0,0.0,0.10457963089542037,0.0,0.012987012987012988,0.0,0.012987012987012988,0.06561859193438141,0.0,0.012987012987012988,0.0,0.0,0.0,0.0,0.2221462747778537,0.2351332877648667,0.05263157894736842,0.0,0.19548872180451127,0.9580314422419687,0.0,0.09159261790840738,0.012987012987012988,0.0,0.0,0.03896103896103896,0.0,0.06561859193438141,0.1442241968557758,0.0,0.012987012987012988,0.05263157894736842,0.0,0.09159261790840738,0.0,0.0,0.0
"WESTMORELAND_BURGUNDY",0.043478260869565216,0.0,0.043478260869565216,0.0,0.0,0.08695652173913043,0.0,0.0,0.0,0.08695652173913043,0.0,0.13043478260869565,0.0,0.0,0.043478260869565216,0.08695652173913043,0.0,0.0,0.0,0.0,0.0,0.0,0.0,0.0,0.0,0.043478260869565216,0.0,0.0,0.0,0.0,0.0,0.0,0.0,0.0,0.0,0.0,0.0,0.0,0.08695652173913043,0.0,0.0,0.08695652173913043,0.13043478260869565,0.0,0.043478260869565216,0.043478260869565216,0.34782608695652173,0.0,0.08695652173913043,0.0,0.0,0.0,0.0,0.0,0.0,0.0,0.043478260869565216,0.0,0.0,0.0,0.08695652173913043,0.0,0.0,0.0
"EXETER_CONSTABLE",0.436393389808024,0.054814814814814816,0.25264199215418726,0.007407407407407408,0.2276743671865623,0.22226783153612423,0.06102046102046102,0.24446585934390816,0.10751378702598216,0.04278684278684279,0.5443588480173847,0.12626231040865188,0.028656483534532318,0.49513534342802634,0.01960252935862692,0.07982387982387983,0.13515151515151513,0.0,0.17333301747935895,0.0,0.17137598625403502,0.020227920227920228,0.0,0.08842616281640672,0.20511304413743436,0.06842786842786844,0.007407407407407408,0.007407407407407408,0.027972027972027972,0.1150841750841751,0.01282051282051282,0.04245014245014245,0.020227920227920228,0.04216145191754948,0.1479696274818226,0.029966329966329967,0.06170491658296536,0.05196650684455563,0.1621590514273441,0.0,0.007407407407407408,0.7244148173416466,0.5902910278520035,0.0,0.027635327635327635,0.6640677569945862,1.9771705800974093,0.01282051282051282,0.092362271874467,0.1104701802262778,0.007407407407407408,0.04347129834934713,0.22801972192216094,0.015151515151515152,0.07144332632137511,0.09629181116985996,0.28744404646843674,0.013504968383017164,0.043933708567854904,0.0,0.19208154086202867,0.021249076127124907,0.11668688132102767,0.020227920227920228
"WESTMORELAND_QUEEN ISABEL",0.043478260869565216,0.0,0.043478260869565216,0.0,0.0,0.08695652173913043,0.0,0.0,0.0,0.08695652173913043,0.0,0.13043478260869565,0.0,0.0,0.043478260869565216,0.08695652173913043,0.0,0.0,0.0,0.0,0.0,0.0,0.0,0.0,0.0,0.043478260869565216,0.0,0.0,0.0,0.0,0.0,0.0,0.0,0.0,0.0,0.0,0.0,0.0,0.08695652173913043,0.0,0.0,0.08695652173913043,0.13043478260869565,0.0,0.043478260869565216,0.043478260869565216,0.34782608695652173,0.0,0.08695652173913043,0.0,0.0,0.0,0.0,0.0,0.0,0.0,0.043478260869565216,0.0,0.0,0.0,0.08695652173913043,0.0,0.0,0.0
"COURT_BATES",0.0,0.0,0.0,0.0,0.16666666666666666,0.0,0.0,0.0,0.08333333333333333,0.0,0.0,0.08333333333333333,0.0,0.0,0.0,0.0,0.0,0.0,0.0,0.08333333333333333,0.0,0.0,0.08333333333333333,0.0,0.0,0.0,0.0,0.08333333333333333,0.08333333333333333,0.0,0.0,0.0,0.0,0.0,0.0,0.0,0.0,0.08333333333333333,0.0,0.0,0.0,0.08333333333333333,0.08333333333333333,0.0,0.16666666666666666,0.0,0.4166666666666667,0.0,0.0,0.0,0.0,0.0,0.0,0.0,0.0,0.0,0.0,0.0,0.0,0.0,0.0,0.0,0.0,0.0
"FLUELLEN_MONTJOY",0.7125750731699065,0.014705882352941176,0.32307521748469825,0.0,0.31702909416963115,0.09937380709598138,0.11314266862914277,1.1393639742089217,0.10932857991681522,0.10645817665053314,0.43884246720363046,0.12631578947368421,0.0,0.6959714384878066,0.045454545454545456,0.1465964009992838,0.0,0.0,0.2811165248382931,0.01639344262295082,0.9202020971015541,0.01639344262295082,0.01639344262295082,0.7423343725023672,0.9103082287115176,0.09409773007956027,0.01639344262295082,0.1,0.06056466302367942,0.7162137027792004,0.017543859649122806,0.0661870442741376,0.1763673890608875,0.03278688524590164,0.07642096240279259,0.02631578947368421,0.01639344262295082,0.16797385620915034,0.05666457499934635,0.0,0.0,0.9734661234483597,0.7319296861422425,0.0,0.05555555555555555,1.0296041673395375,3.868947635006103,0.0,0.053826597703164725,0.16750246206674163,0.05497701472933671,0.0,0.6655690796202393,0.09674922600619196,0.292902711323764,0.06543650482390775,0.43761609907120746,0.0,0.08816377755118049,0.054093567251461985,0.5085131885263845,0.0,0.16797385620915034,0.0
"PISTOL_FRENCH SOLDIER",1.7522027972027971,0.0,0.16846153846153847,0.0,0.11538461538461539,0.0,0.0,1.2115928515928518,0.11538461538461539,0.025,0.16846153846153847,0.35649572649572653,0.0,0.6064219114219115,0.07692307692307693,0.24783216783216783,0.0,0.0,0.35217948717948716,0.07692307692307693,0.9558236208236208,0.0,0.0,0.038461538461538464,0.36013986013986016,0.07846153846153847,0.0,0.0,0.0,0.6147863247863248,0.0,0.24783216783216783,0.6985042735042735,0.0,0.07692307692307693,0.0,0.0,0.32167832167832167,0.15384615384615385,0.15384615384615385,0.0,1.5353224553224554,0.6265811965811965,0.0,0.0,1.8675874125874126,3.9882090132090133,0.0,0.0,0.0,0.28568376068376067,0.0,0.11901709401709401,0.0,0.5333449883449883,0.038461538461538464,0.6972027972027972,0.0,0.04,0.0,0.3891025641025641,0.0,0.32167832167832167,0.0
"COURT_ERPINGHAM",0.0,0.0,0.0,0.0,0.16666666666666666,0.0,0.0,0.0,0.08333333333333333,0.0,0.0,0.08333333333333333,0.0,0.0,0.0,0.0,0.0,0.0,0.0,0.08333333333333333,0.0,0.0,0.08333333333333333,0.0,0.0,0.0,0.0,0.08333333333333333,0.08333333333333333,0.0,0.0,0.0,0.0,0.0,0.0,0.0,0.0,0.08333333333333333,0.0,0.0,0.0,0.08333333333333333,0.08333333333333333,0.0,0.16666666666666666,0.0,0.4166666666666667,0.0,0.0,0.0,0.0,0.0,0.0,0.0,0.0,0.0,0.0,0.0,0.0,0.0,0.0,0.0,0.0,0.0
"PISTOL_BEDFORD",1.5640880432440536,0.0,0.0,0.0,0.0,0.2786037491919845,0.0,0.2870680044593088,0.021739130434782608,0.0,0.2786037491919845,0.9758330757051983,0.0,0.5892224782889744,0.0,0.13043478260869565,0.0,0.0,0.10230179028132992,0.19457013574660634,0.2653288740245262,0.0,0.0,0.47078005115089516,0.47078005115089516,0.0,0.0,0.2,0.0,0.21014492753623187,0.0,0.06521739130434782,0.13574660633484165,0.058823529411764705,0.021739130434782608,0.0,0.0,0.0,0.0,0.0,0.0,2.0404094413685203,0.3893697947406387,0.0,0.021739130434782608,1.5640880432440536,3.1891606475366063,0.0,0.0,0.0,0.125,0.0,0.580546265328874,0.0,0.07692307692307693,0.07692307692307693,0.4525083612040134,0.0,0.0,0.021739130434782608,0.3701589331384728,0.0,0.0,0.043478260869565216
"FRENCH KING_DAUPHIN",1.1663482966654635,0.02830188679245283,0.5401729265591605,0.0,0.441668490438962,0.19670056511779432,0.11235875177729551,1.1642222560608162,0.44019249839643804,0.0,1.189807350271191,0.23923975974936176,0.1089499919283368,1.103083588942035,0.012048192771084338,0.06712065653920028,0.7094803068977042,0.0,0.49732850032769976,0.0,0.5091428809650342,0.02857142857142857,0.1,0.23306092842795847,0.340401906073452,0.03333333333333333,0.006024096385542169,0.05,0.07898550724637682,0.7077072780117939,0.007246376811594203,0.06712065653920028,0.0,0.016680339075745145,0.009433962264150943,0.0,0.42436243002280744,0.016680339075745145,0.06373813547874846,0.007246376811594203,0.016680339075745145,1.7749050440660195,1.2447052737509066,0.0,0.21739130434782608,1.608016787104426,4.309355204867525,0.012048192771084338,0.16625298864839472,0.23149732411422322,0.009433962264150943,0.015458058649693112,0.23065738480308987,0.07173913043478261,0.33476217520516127,0.08506534499200816,0.26455714651253165,0.0,0.0,0.0,0.315024558383721,0.029950812272881516,0.07876954907406492,0.0
"KING HENRY_CAMBRIDGE",0.9241522277966735,0.012029577309347755,0.27318146815290184,0.004524886877828055,0.20743417581524773,0.25156552910703356,0.1113841492402673,0.5724739114822891,0.11856330991399652,0.015450833241364089,0.632552677211547,0.17485603528465793,0.19623429604278653,1.0080797064387452,0.15921255932016334,0.2147511189047621,0.4769548760985275,0.0,0.4865150720365672,0.03077937224278688,0.45108623117564495,0.005628517823639775,0.08483330949640644,0.27006645215935027,0.4240799407630469,0.17954625330432358,0.001876172607879925,0.0,0.045457663822082765,0.28703667572928687,0.02756186902528366,0.07530906124175749,0.0618843808630394,0.07510329543533067,0.05691845218387542,0.10575924119683086,0.0834273671945326,0.0797018127138285,0.08636934031482095,0.00375234521575985,0.04575412482065997,1.0765585861744142,1.0904864876695683,0.023809523809523808,0.012080254240532984,1.1315864036119212,3.9383765588322106,0.06425257616075405,0.0563836101856188,0.05749428054523873,0.10246583903070888,0.01280211897141596,0.3014064554191886,0.03322582316228555,0.09493763395497869,0.28970963619969564,0.12749979866192207,0.016289592760180997,0.2065732803313506,0.029930471250413863,0.3602551529784313,0.043012702266647745,0.15401348860369662,0.015517051098112791
"FLUELLEN_BARDOLPH",0.5534867769896242,0.1372548870795715,0.4194036962772494,0.0,0.18218068475550014,0.11497463110366336,0.20059655146087835,1.0203152043399428,0.21923845848168666,0.044306257287213366,0.5040752970778825,0.3905799174061565,0.03225806451612903,0.9712275304748986,0.1,0.021739130434782608,0.0,0.0,0.150840199227296,0.012048192771084338,0.7029993247916835,0.0,0.030303030303030304,0.37319887005079383,0.5094392957097633,0.25361013948266187,0.11204819277108434,0.012987012987012988,0.016129032258064516,0.7957860701532444,0.012048192771084338,0.021739130434782608,0.06310222036028487,0.027777777777777776,0.110030612605428,0.0,0.030303030303030304,0.13624042565896938,0.08333333333333333,0.021739130434782608,0.0528129835358751,0.7002074306954418,0.843130491157663,0.017857142857142856,0.0,0.7356674617451245,3.8081640271217654,0.025974025974025976,0.012048192771084338,0.13002054300149907,0.05184331797235023,0.0,0.5377289502021247,0.17462252548685236,0.13671551411501393,0.18827387471965784,0.13083701264686073,0.0,0.24717204488829553,0.0,0.3932264762711374,0.0,0.13624042565896938,0.021739130434782608
"KATHERINE_QUEEN ISABEL",0.4420995670995671,0.0,0.023809523809523808,0.09090909090909091,0.3170995670995671,0.09090909090909091,0.08333333333333333,1.6701839826839828,0.0625,0.0,0.023809523809523808,0.0,0.0,0.23674242424242423,0.0,0.08333333333333333,0.0,0.0,0.0,0.0,1.2951839826839828,0.08333333333333333,0.0,0.413961038961039,0.5806277056277057,0.16666666666666666,0.0,0.0,0.0,1.4959415584415583,0.0,0.0,0.4420995670995671,0.0,0.08333333333333333,0.0,0.0,0.16666666666666666,0.0,0.0,0.0,0.6742424242424242,0.5416666666666666,0.125,0.0,0.7591991341991342,2.871482683982684,0.0,0.0,0.29166666666666663,0.0,0.0,0.08333333333333333,0.0,0.17424242424242425,0.26785714285714285,0.0,0.0,0.7337662337662337,0.0,0.23376623376623376,0.0,0.16666666666666666,0.08333333333333333
"ALICE_EXETER",0.0,0.0,0.05555555555555555,0.0,0.047619047619047616,0.0,0.05555555555555555,0.25396825396825395,0.05555555555555555,0.0,0.05555555555555555,0.0,0.0,0.15873015873015872,0.0,0.05555555555555555,0.0,0.0,0.0,0.0,0.25396825396825395,0.0,0.0,0.08333333333333333,0.08333333333333333,0.047619047619047616,0.0,0.0,0.0,0.15079365079365079,0.0,0.05555555555555555,0.0,0.0,0.0,0.0,0.0,0.0,0.0,0.0,0.0,0.09523809523809523,0.047619047619047616,0.0,0.0,0.047619047619047616,0.5634920634920635,0.0,0.0,0.0,0.047619047619047616,0.0,0.0,0.0,0.0,0.0,0.0,0.0,0.047619047619047616,0.0,0.0,0.0,0.0,0.0
"YORK_WESTMORELAND",0.06666666666666667,0.0,0.06666666666666667,0.0,0.0,0.0,0.0,0.0,0.0,0.06666666666666667,0.0,0.13333333333333333,0.0,0.0,0.0,0.13333333333333333,0.06666666666666667,0.06666666666666667,0.0,0.0,0.06666666666666667,0.0,0.0,0.0,0.0,0.0,0.0,0.06666666666666667,0.0,0.0,0.0,0.06666666666666667,0.06666666666666667,0.06666666666666667,0.06666666666666667,0.0,0.06666666666666667,0.0,0.06666666666666667,0.0,0.0,0.0,0.13333333333333333,0.0,0.06666666666666667,0.0,0.3333333333333333,0.0,0.0,0.0,0.0,0.0,0.0,0.0,0.0,0.0,0.0,0.0,0.0,0.0,0.0,0.0,0.0,0.0
"KING HENRY_SCROOP",0.9241522277966735,0.012029577309347755,0.27318146815290184,0.004524886877828055,0.20743417581524773,0.25156552910703356,0.1113841492402673,0.5724739114822891,0.11856330991399652,0.015450833241364089,0.632552677211547,0.17485603528465793,0.19623429604278653,1.0080797064387452,0.15921255932016334,0.2147511189047621,0.4769548760985275,0.0,0.4865150720365672,0.03077937224278688,0.45108623117564495,0.005628517823639775,0.08483330949640644,0.27006645215935027,0.4240799407630469,0.17954625330432358,0.001876172607879925,0.0,0.045457663822082765,0.28703667572928687,0.02756186902528366,0.07530906124175749,0.0618843808630394,0.07510329543533067,0.05691845218387542,0.10575924119683086,0.0834273671945326,0.0797018127138285,0.08636934031482095,0.00375234521575985,0.04575412482065997,1.0765585861744142,1.0904864876695683,0.023809523809523808,0.012080254240532984,1.1315864036119212,3.9383765588322106,0.06425257616075405,0.0563836101856188,0.05749428054523873,0.10246583903070888,0.01280211897141596,0.3014064554191886,0.03322582316228555,0.09493763395497869,0.28970963619969564,0.12749979866192207,0.016289592760180997,0.2065732803313506,0.029930471250413863,0.3602551529784313,0.043012702266647745,0.15401348860369662,0.015517051098112791
"HERALD_EXETER",0.0,0.0,0.0,0.0,0.0,0.0,0.0,0.0,0.1111111111111111,0.0,0.0,0.0,0.1111111111111111,0.0,0.0,0.1111111111111111,0.0,0.1111111111111111,0.0,0.1111111111111111,0.0,0.0,0.1111111111111111,0.1111111111111111,0.0,0.0,0.0,0.2222222222222222,0.0,0.0,0.0,0.0,0.0,0.0,0.0,0.0,0.0,0.0,0.0,0.0,0.0,0.0,0.0,0.0,0.0,0.0,0.4444444444444444,0.0,0.0,0.0,0.0,0.0,0.0,0.0,0.0,0.0,0.0,0.0,0.0,0.0,0.0,0.0,0.1111111111111111,0.0
"CAMBRIDGE_EXETER",0.34285714285714286,0.022222222222222223,0.05347222222222223,0.0,0.1111111111111111,0.1888888888888889,0.03125,0.5366071428571428,0.0,0.0,0.24236111111111114,0.022222222222222223,0.06666666666666667,0.4005952380952381,0.2095238095238095,0.05347222222222223,0.0,0.0,0.18472222222222223,0.0,0.3942460317460318,0.0,0.0,0.08472222222222223,0.31865079365079363,0.05347222222222223,0.0,0.0,0.09791666666666667,0.2942460317460317,0.06666666666666667,0.03125,0.32063492063492066,0.05347222222222223,0.1,0.0,0.0,0.1,0.07569444444444445,0.0,0.03125,0.18253968253968256,0.551984126984127,0.0,0.0,0.45396825396825397,1.8606150793650795,0.0,0.0,0.1693452380952381,0.0,0.03125,0.10694444444444445,0.0,0.12222222222222223,0.2,0.0,0.0,0.05347222222222223,0.0,0.20694444444444446,0.03125,0.23392857142857143,0.022222222222222223
"QUEEN ISABEL_WARWICK",0.23008944543828264,0.0,0.13830649970184855,0.0,0.11488372093023255,0.05162790697674419,0.09008944543828265,0.5188312462731067,0.08838401908169351,0.013333333333333334,0.45335718545020876,0.1,0.03658914728682171,0.2865354800238521,0.011627906976744186,0.07488372093023256,0.02666666666666667,0.0,0.14171735241502684,0.0,0.3519856887298748,0.05008944543828265,0.10342277877161599,0.43026833631484795,0.4935241502683363,0.011627906976744186,0.024961240310077522,0.0,0.06512820512820514,0.2784734645199762,0.046511627906976744,0.03829457364341085,0.0,0.03658914728682171,0.13847346451997616,0.0,0.263422778771616,0.024961240310077522,0.048217054263565894,0.0,0.02666666666666667,0.4284078711985689,0.3550745378652355,0.0,0.07505068574836017,0.34497316636851516,1.4932975551580203,0.0,0.03658914728682171,0.0,0.05008944543828265,0.013333333333333334,0.21163983303518188,0.04,0.1001788908765653,0.08838401908169351,0.0,0.0,0.011627906976744186,0.011627906976744186,0.07488372093023256,0.0,0.06325581395348837,0.024961240310077522
"BURGUNDY_GLOUCESTER",0.9426732598294203,0.032372859020423486,0.1563458827069142,0.0028653295128939827,0.20917689309523121,0.32756396739204763,0.257331561307206,0.9379409100397639,0.025787965616045846,0.10057808052077392,0.5248786976580674,0.13676846341602789,0.07921967001479896,0.535658056789862,0.19281394610907504,0.30065472042549407,0.08862054850593531,0.0,0.09720895680781066,0.011461318051575931,0.4686640259347996,0.06536532951289398,0.18758755173511618,0.3385220849404231,0.36383774349390396,0.32722051375346506,0.04622719952232846,0.0,0.16310351804621145,0.6453459559118584,0.0,0.04490065808117384,0.22805213464239252,0.0385758251087764,0.06581219905002139,0.0028653295128939827,0.04383417707199942,0.019584999527692937,0.02005730659025788,0.0,0.0028653295128939827,1.0534191347228594,0.8177004651933018,0.018518518518518517,0.0742939009414654,1.1518501529246514,3.048305261808127,0.027114507057200466,0.0444283510186089,0.12198736607762396,0.013854340501904972,0.0028653295128939827,0.14849137252432382,0.16485172473711157,0.11850242509268297,0.06808335461630591,0.3126335725189593,0.0057306590257879654,0.3463586437440306,0.04622719952232846,0.3901608672024145,0.0,0.025315658553480905,0.23150488480001374
"FRENCH SOLDIER_BOY",0.0,0.0,0.0,0.0,0.0,0.0,0.0,0.0,0.1,0.1,0.0,0.0,0.1,0.02857142857142857,0.0,0.0,0.0,0.0,0.02857142857142857,0.0,0.0,0.0,0.0,0.02857142857142857,0.2285714285714286,0.0,0.0,0.0,0.0,0.0,0.0,0.0,0.0,0.0,0.0,0.0,0.0,0.0,0.0,0.0,0.02857142857142857,0.03225806451612903,0.2285714285714286,0.0,0.03225806451612903,0.0,0.1285714285714286,0.0,0.0,0.0,0.0,0.2,0.0,0.0,0.0,0.0,0.0,0.03225806451612903,0.0,0.0,0.02857142857142857,0.1,0.2,0.0
"CONSTABLE_GRANDPRE",0.2549889135254989,0.0,0.04878048780487805,0.0,0.024390243902439025,0.024390243902439025,0.09090909090909091,0.30376940133037694,0.0,0.0,0.21286031042128603,0.0,0.024390243902439025,0.188470066518847,0.09090909090909091,0.0,0.024390243902439025,0.0,0.16407982261640797,0.0,0.13968957871396898,0.09090909090909091,0.18181818181818182,0.0,0.0,0.024390243902439025,0.0,0.0,0.09090909090909091,0.188470066518847,0.0,0.0,0.04878048780487805,0.0,0.0,0.0,0.024390243902439025,0.0,0.0,0.0,0.09090909090909091,0.29711751662971175,0.21286031042128603,0.0,0.0,0.27937915742793795,0.8447893569844789,0.0,0.0,0.0,0.0,0.0,0.0975609756097561,0.0,0.024390243902439025,0.0,0.0,0.0,0.0,0.0,0.13968957871396898,0.0,0.0,0.0
"FRENCH KING_BEDFORD",0.750120247352331,0.06850459482038429,0.034482758620689655,0.015873015873015872,0.16875522138680032,0.13088229404461532,0.09061903426916043,0.5226248688724895,0.2902473734096947,0.0,0.2423868755151124,0.32448275862068965,0.16374269005847952,0.5108505213130949,0.034482758620689655,0.09613627564847077,0.16580231065468548,0.0,0.32615483199166967,0.0,0.37963751543141566,0.0,0.12510179288985007,0.42666279519938055,0.5087646014391178,0.07702182284980744,0.06896551724137931,0.015873015873015872,0.04,0.40560304602268216,0.06439024390243903,0.0802632597754549,0.10298735344107394,0.024390243902439025,0.06439024390243903,0.0,0.06850459482038429,0.08210180623973727,0.05613627564847077,0.0,0.05035577449370553,0.9044053433274806,0.9319127367057959,0.0,0.1085045948203843,0.9188754687391312,2.649889238093833,0.0,0.2359496442255063,0.15989159891598914,0.0,0.0,0.13361902091927325,0.07474601839614456,0.07702182284980744,0.06850459482038429,0.031746031746031744,0.0,0.10298735344107394,0.015873015873015872,0.18077714611732582,0.0,0.08210180623973727,0.0
"DAUPHIN_ORLEANS",2.130257558795816,0.011764705882352941,0.5174239605464727,0.08249158249158249,0.4280363899945943,0.33970666416486844,0.22288274734095168,1.6996373748861588,0.2676828896200856,0.1360071301247772,1.2915876132483828,0.4320156695156695,0.11546840958605664,1.6841598680939684,0.08154761904761905,0.4377077443253914,0.18866213151927436,0.048801742919389976,1.0303863916645872,0.023529411764705882,1.2577188158623365,0.011764705882352941,0.4898508898508898,0.5583796649973121,0.72943826387546,0.10657947389482109,0.0,0.0,0.4330730271906742,0.7998333118468014,0.021288515406162466,0.3275886967063438,0.674347955965603,0.05555555555555555,0.5350324712553814,0.047619047619047616,0.5169485710286241,0.07755102040816327,0.2299062049062049,0.0,0.0,2.182973262302099,1.9635204719846475,0.0625,0.2680272108843538,2.5582939487904106,7.624354555137393,0.16455719489775217,0.2130907626208378,0.06666666666666667,0.009523809523809525,0.017543859649122806,0.6824347951669933,0.037037037037037035,0.38087244999009706,0.34671052631578947,0.40399804300733094,0.02040816326530612,0.05122048819527811,0.0625,0.9535141754734855,0.07596371882086167,0.17105859887814773,0.0
"WESTMORELAND_KATHERINE",0.043478260869565216,0.0,0.043478260869565216,0.0,0.0,0.08695652173913043,0.0,0.0,0.0,0.08695652173913043,0.0,0.13043478260869565,0.0,0.0,0.043478260869565216,0.08695652173913043,0.0,0.0,0.0,0.0,0.0,0.0,0.0,0.0,0.0,0.043478260869565216,0.0,0.0,0.0,0.0,0.0,0.0,0.0,0.0,0.0,0.0,0.0,0.0,0.08695652173913043,0.0,0.0,0.08695652173913043,0.13043478260869565,0.0,0.043478260869565216,0.043478260869565216,0.34782608695652173,0.0,0.08695652173913043,0.0,0.0,0.0,0.0,0.0,0.0,0.0,0.043478260869565216,0.0,0.0,0.0,0.08695652173913043,0.0,0.0,0.0
"WESTMORELAND_ELY",0.0838095238095238,0.0,0.11142857142857143,0.0,0.0,0.06380952380952382,0.02,0.17523809523809525,0.04380952380952381,0.0,0.17523809523809525,0.0,0.023809523809523808,0.17523809523809525,0.0,0.08761904761904762,0.0,0.0,0.13142857142857142,0.0,0.10761904761904761,0.02,0.023809523809523808,0.047619047619047616,0.06761904761904762,0.0,0.0,0.0,0.0,0.13142857142857142,0.02,0.047619047619047616,0.0,0.0,0.023809523809523808,0.04,0.0,0.02,0.0,0.02,0.0,0.10380952380952381,0.2704761904761905,0.0,0.0,0.0838095238095238,0.7733333333333333,0.0,0.04380952380952381,0.047619047619047616,0.0,0.0,0.12380952380952381,0.0,0.023809523809523808,0.0838095238095238,0.06,0.023809523809523808,0.023809523809523808,0.0,0.1514285714285714,0.0,0.02,0.0
"ERPINGHAM_BATES",0.1984126984126984,0.0,0.0,0.0,0.0,0.0,0.0,0.14285714285714285,0.0,0.0,0.0,0.05555555555555555,0.0,0.16666666666666666,0.1984126984126984,0.0,0.0,0.0,0.0,0.0,0.14285714285714285,0.0,0.0,0.0,0.05555555555555555,0.0,0.0,0.0,0.0,0.0,0.0,0.0,0.14285714285714285,0.0,0.0,0.0,0.0,0.05555555555555555,0.0,0.0,0.0,0.05555555555555555,0.05555555555555555,0.0,0.0,0.1984126984126984,0.5079365079365079,0.0,0.0,0.05555555555555555,0.0,0.0,0.0,0.0,0.14285714285714285,0.0,0.0,0.0,0.0,0.0,0.0,0.0,0.05555555555555555,0.0
"KATHERINE_BEDFORD",0.4420995670995671,0.0,0.023809523809523808,0.09090909090909091,0.3170995670995671,0.09090909090909091,0.08333333333333333,1.6701839826839828,0.0625,0.0,0.023809523809523808,0.0,0.0,0.23674242424242423,0.0,0.08333333333333333,0.0,0.0,0.0,0.0,1.2951839826839828,0.08333333333333333,0.0,0.413961038961039,0.5806277056277057,0.16666666666666666,0.0,0.0,0.0,1.4959415584415583,0.0,0.0,0.4420995670995671,0.0,0.08333333333333333,0.0,0.0,0.16666666666666666,0.0,0.0,0.0,0.6742424242424242,0.5416666666666666,0.125,0.0,0.7591991341991342,2.871482683982684,0.0,0.0,0.29166666666666663,0.0,0.0,0.08333333333333333,0.0,0.17424242424242425,0.26785714285714285,0.0,0.0,0.7337662337662337,0.0,0.23376623376623376,0.0,0.16666666666666666,0.08333333333333333
"PISTOL_BOY",2.314544797747045,0.09090909090909091,0.30886956651001596,0.011235955056179775,0.11538461538461539,0.15409309791332262,0.2532175032175032,1.7647542867767587,0.20995390377412848,0.05202702702702703,0.5426358002762497,0.6432748447355188,0.02702702702702703,0.8652790832004315,0.11518605900628373,0.4896871849680839,0.04949893713938658,0.0,0.6354446580851074,0.17149236531259004,1.2597511438522673,0.08333333333333333,0.0,0.2636108450715192,0.7271051400264883,0.1617948717948718,0.09090909090909091,0.011235955056179775,0.0,1.1026577508599982,0.0,0.4784512299119041,0.7817110758121995,0.06529000911023383,0.2511655011655012,0.0,0.09090909090909091,0.46349429495496913,0.2079002079002079,0.18755401901469318,0.02702702702702703,2.13592743794991,1.3460931351942589,0.0,0.0,2.4299294131316604,5.501511203477496,0.14285714285714285,0.038262982083206803,0.011235955056179775,0.33518269782314725,0.0,0.14148900412945356,0.0,0.5603720153720153,0.14426678190723136,0.867086967086967,0.0,0.051235955056179776,0.0,0.5544316170720665,0.0,0.46349429495496913,0.011235955056179775
"ALICE_GLOUCESTER",0.0,0.0,0.05555555555555555,0.0,0.047619047619047616,0.0,0.05555555555555555,0.25396825396825395,0.05555555555555555,0.0,0.05555555555555555,0.0,0.0,0.15873015873015872,0.0,0.05555555555555555,0.0,0.0,0.0,0.0,0.25396825396825395,0.0,0.0,0.08333333333333333,0.08333333333333333,0.047619047619047616,0.0,0.0,0.0,0.15079365079365079,0.0,0.05555555555555555,0.0,0.0,0.0,0.0,0.0,0.0,0.0,0.0,0.0,0.09523809523809523,0.047619047619047616,0.0,0.0,0.047619047619047616,0.5634920634920635,0.0,0.0,0.0,0.047619047619047616,0.0,0.0,0.0,0.0,0.0,0.0,0.0,0.047619047619047616,0.0,0.0,0.0,0.0,0.0
"BEDFORD_EXETER",0.4779034690799397,0.0,0.23076923076923078,0.0,0.19457013574660634,0.0,0.1,0.3371794871794872,0.21266968325791857,0.0,0.41410256410256413,0.08333333333333333,0.058823529411764705,0.7625188536953242,0.0,0.0,0.0,0.0,0.24358974358974358,0.058823529411764705,0.25384615384615383,0.0,0.21764705882352942,0.4807692307692308,0.5807692307692307,0.058823529411764705,0.0,0.0,0.0,0.3371794871794872,0.0,0.0,0.0,0.0,0.08333333333333333,0.0,0.18333333333333335,0.1,0.0,0.0,0.0,0.4779034690799397,0.503393665158371,0.0,0.0,0.6724736048265461,2.0436651583710406,0.0,0.058823529411764705,0.0,0.0,0.0,0.0,0.1,0.0,0.0,0.17692307692307693,0.0,0.058823529411764705,0.0,0.23717948717948717,0.0,0.1,0.0
"EXETER_QUEEN ISABEL",0.0,0.0,0.01818181818181818,0.0,0.05454545454545454,0.05454545454545454,0.0,0.0,0.01818181818181818,0.01818181818181818,0.0,0.03636363636363636,0.0,0.0,0.07272727272727272,0.09090909090909091,0.0,0.0,0.0,0.0,0.01818181818181818,0.0,0.01818181818181818,0.0,0.0,0.0,0.0,0.0,0.01818181818181818,0.0,0.01818181818181818,0.0,0.0,0.0,0.0,0.0,0.0,0.01818181818181818,0.0,0.0,0.0,0.01818181818181818,0.16363636363636364,0.0,0.05454545454545454,0.0,0.2545454545454545,0.0,0.0,0.0,0.0,0.0,0.0,0.0,0.01818181818181818,0.01818181818181818,0.0,0.0,0.0,0.0,0.03636363636363636,0.0,0.0,0.0
"GOWER_JAMY",0.16993464052287582,0.0,0.2777777777777778,0.0,0.1111111111111111,0.058823529411764705,0.16666666666666666,0.24136321195144722,0.2222222222222222,0.1111111111111111,0.4080298786181139,0.16993464052287582,0.0,0.0,0.0,0.0,0.0,0.0,0.2936507936507936,0.0,0.1111111111111111,0.16666666666666666,0.0,0.0,0.1111111111111111,0.0,0.0,0.0,0.058823529411764705,0.07142857142857142,0.0,0.0,0.0,0.0,0.0,0.0,0.07142857142857142,0.0,0.058823529411764705,0.0,0.0,0.24136321195144722,0.40476190476190477,0.0,0.0,0.28104575163398693,1.0415499533146593,0.0,0.0,0.0,0.0,0.0,0.29691876750700275,0.0,0.1111111111111111,0.058823529411764705,0.0,0.0,0.0,0.0,0.07142857142857142,0.0,0.1111111111111111,0.0
"FLUELLEN_MACMORRIS",0.3468102685844622,0.1155157566447889,0.27804775869292,0.0,0.046973188102220356,0.08467160080063306,0.1427128427128427,0.5786063398966624,0.1637120048410371,0.03225806451612903,0.36271935949355305,0.24799376250989155,0.03225806451612903,0.714104175394498,0.1,0.0,0.0,0.0,0.150840199227296,0.0,0.3312223618675232,0.0,0.0,0.3611506772797095,0.463603779732812,0.08225806451612903,0.1,0.012987012987012988,0.016129032258064516,0.3999127216869152,0.0,0.0,0.06310222036028487,0.027777777777777776,0.08593422706325933,0.0,0.0,0.10245310245310245,0.08333333333333333,0.0,0.04076479076479077,0.4380044686496299,0.6138947074430946,0.017857142857142856,0.0,0.39378345668668246,2.2954941116231438,0.025974025974025976,0.0,0.11797235023041475,0.05184331797235023,0.0,0.28060559512172417,0.11673881673881674,0.09087999813806265,0.16417748917748917,0.05357142857142857,0.0,0.06612903225806452,0.0,0.3473909602941861,0.0,0.10245310245310245,0.0
"MONTJOY_WARWICK",0.33513513513513515,0.009009009009009009,0.05405405405405406,0.0,0.209009009009009,0.22702702702702704,0.009009009009009009,0.23603603603603604,0.009009009009009009,0.0,0.2990990990990991,0.209009009009009,0.0,0.10810810810810811,0.0,0.05405405405405406,0.06306306306306306,0.0,0.08108108108108109,0.009009009009009009,0.21801801801801804,0.0,0.06306306306306306,0.036036036036036036,0.05405405405405406,0.0,0.0,0.0,0.0,0.22702702702702704,0.009009009009009009,0.04504504504504504,0.0,0.018018018018018018,0.018018018018018018,0.0,0.018018018018018018,0.009009009009009009,0.009009009009009009,0.009009009009009009,0.04504504504504504,0.5531531531531532,0.10810810810810811,0.0,0.0,0.5441441441441441,0.9693693693693695,0.0,0.0,0.0,0.009009009009009009,0.009009009009009009,0.018018018018018018,0.009009009009009009,0.009009009009009009,0.0,0.0,0.009009009009009009,0.0,0.009009009009009009,0.06306306306306306,0.0,0.018018018018018018,0.0
"KING HENRY_BURGUNDY",3.732493808560948,0.12989604646513767,0.7408081319139159,0.17595766181325465,1.0839731466426303,0.6422321080377094,1.0083051013270983,3.4294590986594007,0.4111948190473269,0.421648396953485,1.6181925944748656,1.1019340527523682,0.2696718308092331,2.8253501470624633,0.6268108526208578,1.6200332047996309,0.5472699983676655,0.0,1.32936258925653,0.01740860460647932,2.3807455740584937,0.5160306826346508,0.15988993888662767,2.2542654265193893,2.481833744960538,0.4029721354675068,0.1470399708572805,0.022884491283985814,0.16007580611174707,1.9677813221521376,0.1640272774202612,0.5390187863433245,1.3000879464693342,0.1905858538136564,0.45715317651357534,0.010506190133646311,0.3901483610071537,0.0983852088560596,0.4195533697001391,0.0,0.0023094688221709007,3.979289542472737,3.5049255498209497,0.09719387755102041,0.5870565736866891,4.816466955203578,14.018970534509192,0.16561184613275282,0.38066487759012035,0.4180806182739996,0.1402840106162822,0.1,1.153339844798056,0.185715139844211,0.9635447673190223,0.8346312261713434,0.6553351136842334,0.07658500238241196,0.3401314052950136,0.13124581087326706,1.974568071965185,0.01278966696213752,0.22756831844114792,0.9392624174493928
"KING HENRY_FLUELLEN",5.5209477790544605,0.24230151772407124,1.8244188773084928,0.008952476572958501,2.530043507067921,1.5367016239312463,0.8361362885651138,5.60699346729565,0.5515176035383244,0.5243146307553113,3.7906233321725877,2.5918465379503988,0.3792393608253788,4.175087226628181,0.1418220613242221,0.5541403059296116,0.5886898409285224,0.0,1.116753115408072,0.062486467257245285,3.3688449810036154,0.30046286595657995,0.29646818924144047,1.657163268640734,2.5806871118683854,0.9107823565211259,0.0066134668544307095,0.5179977904600541,0.9055875098787266,3.2339812837572914,0.08357953912257457,0.2762581605148076,1.1612152359168495,0.140609226887566,0.7588783736186381,0.014220145889681172,0.40512197417247336,0.5262514269771649,0.5714339151102933,0.007202837323319251,0.22993157386818985,6.452313202010567,4.8563891407084245,0.008032128514056224,0.20647967253963817,8.050991286122384,20.753772452280266,0.2198013730520858,0.47673133503333887,0.8138199481322148,0.3800503815515215,0.16209728977887944,1.8161605134532632,0.3170890057820762,0.9137693731415318,1.1686711342635943,1.0784445208542792,0.06505612788875335,0.5777274435279838,0.22272644051891163,1.6315868307547468,0.0412545116465113,0.9195077789706235,0.04093555900621118
"EXETER_BURGUNDY",0.0,0.0,0.01818181818181818,0.0,0.05454545454545454,0.05454545454545454,0.0,0.0,0.01818181818181818,0.01818181818181818,0.0,0.03636363636363636,0.0,0.0,0.07272727272727272,0.09090909090909091,0.0,0.0,0.0,0.0,0.01818181818181818,0.0,0.01818181818181818,0.0,0.0,0.0,0.0,0.0,0.01818181818181818,0.0,0.01818181818181818,0.0,0.0,0.0,0.0,0.0,0.0,0.01818181818181818,0.0,0.0,0.0,0.01818181818181818,0.16363636363636364,0.0,0.05454545454545454,0.0,0.2545454545454545,0.0,0.0,0.0,0.0,0.0,0.0,0.0,0.01818181818181818,0.01818181818181818,0.0,0.0,0.0,0.0,0.03636363636363636,0.0,0.0,0.0
"FRENCH KING_CONSTABLE",1.1663482966654635,0.02830188679245283,0.5401729265591605,0.0,0.441668490438962,0.19670056511779432,0.11235875177729551,1.1642222560608162,0.44019249839643804,0.0,1.189807350271191,0.23923975974936176,0.1089499919283368,1.103083588942035,0.012048192771084338,0.06712065653920028,0.7094803068977042,0.0,0.49732850032769976,0.0,0.5091428809650342,0.02857142857142857,0.1,0.23306092842795847,0.340401906073452,0.03333333333333333,0.006024096385542169,0.05,0.07898550724637682,0.7077072780117939,0.007246376811594203,0.06712065653920028,0.0,0.016680339075745145,0.009433962264150943,0.0,0.42436243002280744,0.016680339075745145,0.06373813547874846,0.007246376811594203,0.016680339075745145,1.7749050440660195,1.2447052737509066,0.0,0.21739130434782608,1.608016787104426,4.309355204867525,0.012048192771084338,0.16625298864839472,0.23149732411422322,0.009433962264150943,0.015458058649693112,0.23065738480308987,0.07173913043478261,0.33476217520516127,0.08506534499200816,0.26455714651253165,0.0,0.0,0.0,0.315024558383721,0.029950812272881516,0.07876954907406492,0.0
"MACMORRIS_JAMY",0.3506792440296277,0.0,0.23515129371906865,0.0,0.03116883116883117,0.04935064935064935,0.05714285714285714,0.3031620553359684,0.00909090909090909,0.0,0.284501943069718,0.043478260869565216,0.0,0.215527950310559,0.012987012987012988,0.15256916996047432,0.02727272727272727,0.0,0.20122230710466005,0.0,0.23370976849237718,0.012987012987012988,0.0,0.10903444381705252,0.21828810575613644,0.043478260869565216,0.0,0.0,0.08311688311688312,0.15838509316770186,0.0,0.08763410502540937,0.27992825588733516,0.00909090909090909,0.0,0.0,0.0,0.08198093466635666,0.00909090909090909,0.0,0.0,0.15838509316770186,0.3628259208821869,0.0,0.0,0.38184807519845887,1.4470820739362937,0.04415584415584416,0.00909090909090909,0.043478260869565216,0.043478260869565216,0.0,0.23301225628591357,0.0,0.043478260869565216,0.11101072840203274,0.0,0.0,0.07075098814229248,0.06493506493506493,0.31934766001262166,0.02727272727272727,0.10925366193908392,0.0
"FLUELLEN_PISTOL",1.7285691709168327,0.18650413632882076,0.7977403001653238,0.0,0.5520206152533254,0.21596574525267226,0.3590281418003634,2.950787941712835,0.6190922596512773,0.16819694992790601,1.0315992633112139,1.1497904522378213,0.11950909930005855,2.1651496361539704,0.31329270145059623,0.4323349242213659,0.0,0.0,0.8678173791785471,0.012048192771084338,2.1719198593294777,0.0393028024606972,0.030303030303030304,1.1547564153177043,1.4396211945642627,0.47632975973517694,0.11204819277108434,0.012987012987012988,0.06057347670250896,2.3504010491354834,0.07836398224476855,0.10312996182561401,0.211583925749885,0.07500682500682501,0.6614700521253629,0.18346946912736387,0.07849927849927851,0.22604124983479357,0.1702020202020202,0.06020066889632107,0.07503520575809733,2.1516705622166223,2.801721008890983,0.26785714285714285,0.022222222222222223,2.2805897861701574,10.237084382274707,0.048701298701298704,0.1583536846648115,0.3888440724132638,0.25184331797235027,0.0,1.0134063464677563,0.2710240406383675,0.37887957881197337,0.5461594531934716,0.4204493885750261,0.05405405405405406,0.4689883104545611,0.07906882660172135,1.2197478571230136,0.058823529411764705,0.28486477924655823,0.14249233556298774
"DAUPHIN_LORDS",0.23089430894308943,0.0,0.0,0.0,0.024390243902439025,0.0975609756097561,0.0,0.07317073170731707,0.0,0.04878048780487805,0.16422764227642278,0.0,0.0,0.32195121951219513,0.0,0.0,0.0,0.0,0.07317073170731707,0.0,0.07317073170731707,0.0,0.0,0.0,0.024390243902439025,0.04878048780487805,0.0,0.0,0.024390243902439025,0.024390243902439025,0.0,0.0,0.04878048780487805,0.0,0.024390243902439025,0.0,0.0,0.0,0.0,0.0,0.0,0.2065040650406504,0.14634146341463414,0.0,0.024390243902439025,0.2552845528455284,0.8813008130081301,0.0,0.0,0.0,0.0,0.0,0.0910569105691057,0.0,0.024390243902439025,0.06666666666666667,0.1821138211382114,0.0,0.0,0.0,0.07317073170731707,0.0,0.024390243902439025,0.0
"FRENCH KING_KING HENRY",0.750120247352331,0.06850459482038429,0.034482758620689655,0.015873015873015872,0.16875522138680032,0.13088229404461532,0.09061903426916043,0.5226248688724895,0.2902473734096947,0.0,0.2423868755151124,0.32448275862068965,0.16374269005847952,0.5108505213130949,0.034482758620689655,0.09613627564847077,0.16580231065468548,0.0,0.32615483199166967,0.0,0.37963751543141566,0.0,0.12510179288985007,0.42666279519938055,0.5087646014391178,0.07702182284980744,0.06896551724137931,0.015873015873015872,0.04,0.40560304602268216,0.06439024390243903,0.0802632597754549,0.10298735344107394,0.024390243902439025,0.06439024390243903,0.0,0.06850459482038429,0.08210180623973727,0.05613627564847077,0.0,0.05035577449370553,0.9044053433274806,0.9319127367057959,0.0,0.1085045948203843,0.9188754687391312,2.649889238093833,0.0,0.2359496442255063,0.15989159891598914,0.0,0.0,0.13361902091927325,0.07474601839614456,0.07702182284980744,0.06850459482038429,0.031746031746031744,0.0,0.10298735344107394,0.015873015873015872,0.18077714611732582,0.0,0.08210180623973727,0.0
"FLUELLEN_EXETER",1.1277562361958973,0.049188640973630834,0.4540732105516568,0.0,0.6776476680112306,0.15365222344336324,0.14890256645800612,1.797649147302215,0.15694762753586283,0.12729150998386649,0.6449522099513042,0.2577813067150635,0.020833333333333332,0.9955621065434357,0.06269592476489028,0.25312349459534295,0.09090909090909091,0.0,0.49193461489720625,0.01639344262295082,1.4919507893313364,0.03491196114146934,0.01639344262295082,1.11760493527293,1.3988553745167278,0.1774310634128936,0.01639344262295082,0.11724137931034484,0.15147375393277032,1.1794231182967359,0.03478523895946763,0.1727141378701967,0.3043135170070155,0.03278688524590164,0.1240400100218402,0.02631578947368421,0.03722677595628415,0.2812504392437979,0.05666457499934635,0.0,0.0625,1.4892219991180284,1.245087677678988,0.0,0.05555555555555555,1.8054039042071277,6.365183832994246,0.0,0.053826597703164725,0.21512150968578925,0.05497701472933671,0.0,1.0179068476281963,0.09674922600619196,0.3762360446570973,0.1936396523540853,0.5933856169096908,0.05427841634738186,0.1714971108845138,0.054093567251461985,0.7229232326082861,0.0,0.2812504392437979,0.0
"SALISBURY_KING HENRY",0.08,0.0,0.08,0.0,0.0,0.08,0.0,0.0,0.08,0.04,0.0,0.16,0.08,0.0,0.08,0.16,0.04,0.0,0.04,0.04,0.0,0.0,0.08,0.0,0.0,0.04,0.04,0.0,0.0,0.0,0.0,0.0,0.0,0.0,0.0,0.0,0.0,0.0,0.0,0.0,0.0,0.04,0.12,0.0,0.08,0.0,0.36,0.0,0.04,0.0,0.0,0.0,0.0,0.0,0.04,0.0,0.0,0.0,0.04,0.0,0.0,0.0,0.04,0.0
"WESTMORELAND_SALISBURY",0.24523809523809526,0.0,0.2611111111111111,0.0,0.2587301587301587,0.2111111111111111,0.0,0.45396825396825397,0.14761904761904762,0.09523809523809523,0.4722222222222222,0.047619047619047616,0.0,0.15,0.0,0.0,0.05,0.0,0.09761904761904762,0.0,0.45396825396825397,0.0,0.1,0.0,0.24285714285714285,0.0,0.0,0.0,0.05,0.2611111111111111,0.35,0.0,0.047619047619047616,0.0,0.0,0.0,0.0,0.19523809523809524,0.0,0.0,0.0,0.765079365079365,0.30396825396825394,0.0,0.0,0.503968253968254,1.9753968253968253,0.0,0.0,0.0,0.2611111111111111,0.047619047619047616,0.1111111111111111,0.0,0.09523809523809523,0.1611111111111111,0.0,0.0,0.05,0.0,0.047619047619047616,0.0,0.24285714285714285,0.0
"FRENCH KING_MESSENGER",0.6840579710144927,0.0,0.3536231884057971,0.0,0.3268115942028985,0.11666666666666667,0.05,0.8369565217391305,0.34347826086956523,0.0,0.7702898550724637,0.14347826086956522,0.07681159420289854,0.46376811594202894,0.0,0.03333333333333333,0.44057971014492747,0.0,0.16014492753623188,0.0,0.33695652173913043,0.0,0.1,0.05,0.05,0.03333333333333333,0.0,0.05,0.05,0.5333333333333333,0.0,0.03333333333333333,0.0,0.0,0.0,0.0,0.30000000000000004,0.0,0.0,0.0,0.0,0.9942028985507245,0.5804347826086957,0.0,0.21014492753623187,1.0108695652173914,2.3050724637681155,0.0,0.0,0.17681159420289855,0.0,0.0,0.0,0.05,0.22028985507246376,0.03333333333333333,0.0,0.0,0.0,0.0,0.11666666666666667,0.0,0.0,0.0
"KATHERINE_BURGUNDY",0.4420995670995671,0.0,0.023809523809523808,0.09090909090909091,0.3170995670995671,0.09090909090909091,0.08333333333333333,1.6701839826839828,0.0625,0.0,0.023809523809523808,0.0,0.0,0.23674242424242423,0.0,0.08333333333333333,0.0,0.0,0.0,0.0,1.2951839826839828,0.08333333333333333,0.0,0.413961038961039,0.5806277056277057,0.16666666666666666,0.0,0.0,0.0,1.4959415584415583,0.0,0.0,0.4420995670995671,0.0,0.08333333333333333,0.0,0.0,0.16666666666666666,0.0,0.0,0.0,0.6742424242424242,0.5416666666666666,0.125,0.0,0.7591991341991342,2.871482683982684,0.0,0.0,0.29166666666666663,0.0,0.0,0.08333333333333333,0.0,0.17424242424242425,0.26785714285714285,0.0,0.0,0.7337662337662337,0.0,0.23376623376623376,0.0,0.16666666666666666,0.08333333333333333
"ORLEANS_CONSTABLE",1.1535946350103297,0.0,0.7777051862947939,0.024390243902439025,0.7346897682263537,1.4499863868898863,0.7939325579569483,2.7857867388885413,0.7568482242395287,0.22619047619047616,2.362078924963336,0.1111111111111111,0.06666666666666667,2.516068313682311,0.07692307692307693,0.4441527895928744,0.13438735177865613,0.0,0.5594448234692136,0.0,1.8386898744003723,0.3930771125893077,0.16724738675958187,0.8425221120343072,1.165091471507166,0.4598956598956599,0.0,0.041666666666666664,0.7729154903067946,1.4174585488742435,0.2111111111111111,0.35189404091843113,0.20384615384615384,0.07692307692307693,0.38350793780274167,0.09044715447154472,0.11529933481152993,0.043478260869565216,0.3456099456099456,0.0,0.0,2.1856577615856514,2.3455330312435296,0.44358974358974357,0.2,1.888284403236683,10.482029652920428,0.12454212454212454,0.5587301587301587,0.25300207039337475,0.17692307692307693,0.0,1.2934724313038204,0.2519230769230769,0.19479158169508118,0.9505961429874472,0.8703359648481601,0.0,0.7698412698412698,0.08514492753623187,0.6845967041088993,0.0,0.3225693594728589,0.0
"CHORUS_KATHERINE",0.058333333333333334,0.008333333333333333,0.075,0.0,0.041666666666666664,0.10833333333333334,0.016666666666666666,0.008333333333333333,0.058333333333333334,0.03333333333333333,0.0,0.1,0.041666666666666664,0.0,0.041666666666666664,0.06666666666666667,0.008333333333333333,0.008333333333333333,0.008333333333333333,0.016666666666666666,0.016666666666666666,0.016666666666666666,0.016666666666666666,0.008333333333333333,0.0,0.025,0.03333333333333333,0.041666666666666664,0.008333333333333333,0.0,0.03333333333333333,0.0,0.0,0.041666666666666664,0.008333333333333333,0.0,0.0,0.0,0.06666666666666667,0.0,0.0,0.016666666666666666,0.10833333333333334,0.0,0.1,0.008333333333333333,0.31666666666666665,0.008333333333333333,0.008333333333333333,0.008333333333333333,0.0,0.008333333333333333,0.041666666666666664,0.0,0.0,0.008333333333333333,0.0,0.0,0.0,0.016666666666666666,0.05,0.0,0.008333333333333333,0.0
"EXETER_WARWICK",0.4233405483405483,0.025974025974025976,0.34805194805194806,0.0,0.16458492487904253,0.1022472625413802,0.025974025974025976,0.6462481962481963,0.1022472625413802,0.23684322213733977,0.6912804515745693,0.15277777777777776,0.01818181818181818,0.7848187759952466,0.029411764705882353,0.06764069264069264,0.012987012987012988,0.0,0.39166242254477546,0.012987012987012988,0.41825396825396827,0.012987012987012988,0.0,0.525974025974026,0.5909090909090908,0.03116883116883117,0.025974025974025976,0.0,0.20833333333333331,0.25396825396825395,0.0718105423987777,0.06764069264069264,0.25757575757575757,0.025974025974025976,0.012987012987012988,0.0,0.227994227994228,0.025974025974025976,0.041666666666666664,0.0,0.0,0.5134411340293693,0.8260164671929378,0.0,0.07107843137254902,0.5879254732195909,3.053471691706986,0.012987012987012988,0.17875180375180375,0.0,0.029411764705882353,0.025974025974025976,0.6372761225702402,0.0,0.18394660894660894,0.2311688311688312,0.01818181818181818,0.0,0.01818181818181818,0.0,0.24418767507002803,0.0,0.06493506493506493,0.0
"KING HENRY_BATES",1.3091662010365857,0.025607390788980458,0.5466682182456871,0.008952476572958501,0.9076503415485675,0.6898986458948194,0.6637669780996399,1.9998586887618368,0.2200247928387228,0.40197777628962644,1.3354629811695873,0.410761782413413,0.10008368273740983,1.2821899211164174,0.039415102247727714,0.16883082403779193,0.03288152610441767,0.0,0.24332014817310388,0.02501673360107095,1.3710299236668417,0.29243073744252374,0.15832514085742827,0.6433495166357016,0.8288030245521777,0.4746818881424978,0.0066134668544307095,0.36666666666666664,0.15874357246943388,0.8665820044983833,0.018404553465661208,0.09572051540321544,0.42115705773561457,0.09332819097922677,0.28763039976404686,0.004016064257028112,0.0745152602687057,0.09123457544236457,0.15474812254059364,0.007202837323319251,0.0491318180684341,1.9191487749716496,1.7601176744678515,0.0,0.05552262305317693,2.2168165425851534,6.83008313569324,0.1444045476552604,0.32904607634752475,0.14093235882704977,0.12416477393058911,0.029954432636022307,0.588008580312684,0.2706107953762659,0.6462415913457245,0.48505192595177254,0.48175723976274,0.039415102247727714,0.321110791365275,0.04735511394276577,0.6642508509730597,0.0412545116465113,0.18545350791647602,0.021739130434782608
"MACMORRIS_PISTOL",0.3506792440296277,0.0,0.23515129371906865,0.0,0.03116883116883117,0.04935064935064935,0.05714285714285714,0.3031620553359684,0.00909090909090909,0.0,0.284501943069718,0.043478260869565216,0.0,0.215527950310559,0.012987012987012988,0.15256916996047432,0.02727272727272727,0.0,0.20122230710466005,0.0,0.23370976849237718,0.012987012987012988,0.0,0.10903444381705252,0.21828810575613644,0.043478260869565216,0.0,0.0,0.08311688311688312,0.15838509316770186,0.0,0.08763410502540937,0.27992825588733516,0.00909090909090909,0.0,0.0,0.0,0.08198093466635666,0.00909090909090909,0.0,0.0,0.15838509316770186,0.3628259208821869,0.0,0.0,0.38184807519845887,1.4470820739362937,0.04415584415584416,0.00909090909090909,0.043478260869565216,0.043478260869565216,0.0,0.23301225628591357,0.0,0.043478260869565216,0.11101072840203274,0.0,0.0,0.07075098814229248,0.06493506493506493,0.31934766001262166,0.02727272727272727,0.10925366193908392,0.0
"GOWER_MACMORRIS",0.16993464052287582,0.0,0.2777777777777778,0.0,0.1111111111111111,0.058823529411764705,0.16666666666666666,0.24136321195144722,0.2222222222222222,0.1111111111111111,0.4080298786181139,0.16993464052287582,0.0,0.0,0.0,0.0,0.0,0.0,0.2936507936507936,0.0,0.1111111111111111,0.16666666666666666,0.0,0.0,0.1111111111111111,0.0,0.0,0.0,0.058823529411764705,0.07142857142857142,0.0,0.0,0.0,0.0,0.0,0.0,0.07142857142857142,0.0,0.058823529411764705,0.0,0.0,0.24136321195144722,0.40476190476190477,0.0,0.0,0.28104575163398693,1.0415499533146593,0.0,0.0,0.0,0.0,0.0,0.29691876750700275,0.0,0.1111111111111111,0.058823529411764705,0.0,0.0,0.0,0.0,0.07142857142857142,0.0,0.1111111111111111,0.0
"CHORUS_LORDS",0.058333333333333334,0.008333333333333333,0.075,0.0,0.041666666666666664,0.10833333333333334,0.016666666666666666,0.008333333333333333,0.058333333333333334,0.03333333333333333,0.0,0.1,0.041666666666666664,0.0,0.041666666666666664,0.06666666666666667,0.008333333333333333,0.008333333333333333,0.008333333333333333,0.016666666666666666,0.016666666666666666,0.016666666666666666,0.016666666666666666,0.008333333333333333,0.0,0.025,0.03333333333333333,0.041666666666666664,0.008333333333333333,0.0,0.03333333333333333,0.0,0.0,0.041666666666666664,0.008333333333333333,0.0,0.0,0.0,0.06666666666666667,0.0,0.0,0.016666666666666666,0.10833333333333334,0.0,0.1,0.008333333333333333,0.31666666666666665,0.008333333333333333,0.008333333333333333,0.008333333333333333,0.0,0.008333333333333333,0.041666666666666664,0.0,0.0,0.008333333333333333,0.0,0.0,0.0,0.016666666666666666,0.05,0.0,0.008333333333333333,0.0
"MESSENGER_DAUPHIN",0.1111111111111111,0.0,0.0,0.0,0.0,0.0,0.0,0.1111111111111111,0.0,0.0,0.0,0.1111111111111111,0.0,0.25,0.0,0.0,0.0,0.0,0.0,0.0,0.1111111111111111,0.0,0.0,0.0,0.0,0.0,0.0,0.0,0.0,0.1111111111111111,0.0,0.0,0.0,0.0,0.0,0.0,0.0,0.0,0.0,0.0,0.0,0.1111111111111111,0.0,0.0,0.0,0.1111111111111111,0.4722222222222222,0.0,0.0,0.0,0.0,0.0,0.0,0.0,0.0,0.0,0.0,0.0,0.0,0.0,0.0,0.0,0.0,0.0
"MACMORRIS_NYM",0.3506792440296277,0.0,0.23515129371906865,0.0,0.03116883116883117,0.04935064935064935,0.05714285714285714,0.3031620553359684,0.00909090909090909,0.0,0.284501943069718,0.043478260869565216,0.0,0.215527950310559,0.012987012987012988,0.15256916996047432,0.02727272727272727,0.0,0.20122230710466005,0.0,0.23370976849237718,0.012987012987012988,0.0,0.10903444381705252,0.21828810575613644,0.043478260869565216,0.0,0.0,0.08311688311688312,0.15838509316770186,0.0,0.08763410502540937,0.27992825588733516,0.00909090909090909,0.0,0.0,0.0,0.08198093466635666,0.00909090909090909,0.0,0.0,0.15838509316770186,0.3628259208821869,0.0,0.0,0.38184807519845887,1.4470820739362937,0.04415584415584416,0.00909090909090909,0.043478260869565216,0.043478260869565216,0.0,0.23301225628591357,0.0,0.043478260869565216,0.11101072840203274,0.0,0.0,0.07075098814229248,0.06493506493506493,0.31934766001262166,0.02727272727272727,0.10925366193908392,0.0
"KING HENRY_WARWICK",8.324613306462416,0.37298693303428515,2.11788109519098,0.1926243284799213,2.5397119334760982,1.3624513135394967,1.269987911912416,7.0434237901528665,0.8123498229024064,0.6065244829678279,4.092358327787127,2.7678962753695444,0.7509172934211553,6.309716268452061,0.7850691287362768,2.153903066973749,1.4970877791041386,0.0,2.7029879532590138,0.03687814472819336,4.522747999208597,0.5743606085807687,0.2839085933400647,3.920359711278335,4.81483567746418,0.8794849352287271,0.16014260321457122,0.19193868125512775,0.8438894571795806,4.220191911180326,0.23706824611340385,0.8141084198032081,2.2662496725778216,0.24397183435870706,0.971518876152432,0.025760776816804422,0.7622715229640751,0.4879861455983969,0.8076288582322926,0.0,0.2225983184588466,9.006536219852944,7.245664651919042,0.1151487889841927,1.1463305531435395,10.864325239938513,29.309740409840014,0.24944081909216057,0.64841888225711,0.992808876669729,0.28820524211261994,0.14609030261204176,2.498809799929184,0.2506190953913242,1.3515597637892007,1.539318406706624,1.5559869812933167,0.13271996472855443,0.6288172700517715,0.32779724655513753,3.0999302538832416,0.053347418389454164,0.8944759661858483,0.9862366237985992
"SCROOP_BEDFORD",0.699694421468615,0.037037037037037035,0.0,0.0,0.07987711213517665,0.0,0.0,0.42943630443630443,0.22029225255031706,0.12454212454212454,0.0,0.125,0.03225806451612903,0.2660863628605564,0.037037037037037035,0.03225806451612903,0.0,0.0,0.17216117216117216,0.0,0.3818172568172568,0.0,0.0,0.23087426313232765,0.37709244160857064,0.11396011396011396,0.0,0.0,0.125,0.17216117216117216,0.0,0.03225806451612903,0.423697270471464,0.17511520737327188,0.20146520146520147,0.0,0.0,0.037037037037037035,0.10918114143920596,0.0,0.03225806451612903,0.38517829243635693,0.5074376042117977,0.0,0.0,0.7795715336037917,1.905096695419276,0.0,0.0,0.06451612903225806,0.07692307692307693,0.0,0.06929510155316607,0.0,0.09523809523809523,0.07407407407407407,0.150997150997151,0.06451612903225806,0.0,0.0,0.11396011396011396,0.07692307692307693,0.146218178476243,0.0
"HOSTESS_NYM",0.4905478442063808,0.05242165242165242,0.16675377468060393,0.0,0.3695613329759671,0.23381801125703564,0.32443856956052075,0.974255080962398,0.09532520325203253,0.10847404627892432,0.6877513633611195,0.18672790624010135,0.004878048780487805,0.6193090333334236,0.004878048780487805,0.10608018900701827,0.03076923076923077,0.0,0.353134151304883,0.07630662020905923,0.6509229478741674,0.0,0.00975609756097561,0.1411905168002729,0.24802117485044314,0.2809590815688377,0.02026266416510319,0.09090909090909091,0.42998972572143307,0.35260042577115747,0.07681189632409144,0.10608018900701827,0.15308684089171895,0.004878048780487805,0.16288305190744215,0.0,0.2871795774234799,0.07268431658675562,0.0,0.02026266416510319,0.05242165242165242,0.8632094193069803,1.12114590468249,0.015384615384615385,0.12794612794612795,0.8601091771823479,3.435982423177545,0.02926829268292683,0.17453095684803002,0.03489681050656661,0.10508130081300812,0.02926829268292683,0.3310454450698353,0.10847404627892432,0.07268431658675562,0.11294559099437149,0.27498262803140855,0.024390243902439025,0.28697846868578575,0.0,0.3904248190833557,0.0,0.10683065805017024,0.0
"MONTJOY_WESTMORELAND",0.16951469583048528,0.0,0.05194805194805195,0.0,0.025974025974025976,0.06561859193438141,0.06561859193438141,0.18318523581681476,0.13123718386876282,0.03896103896103896,0.13055365686944634,0.14354066985645933,0.012987012987012988,0.2909090909090909,0.012987012987012988,0.012987012987012988,0.0,0.0,0.03896103896103896,0.012987012987012988,0.0786056049213944,0.05263157894736842,0.025974025974025976,0.10457963089542037,0.10457963089542037,0.0,0.0,0.0,0.0,0.10457963089542037,0.0,0.012987012987012988,0.0,0.012987012987012988,0.06561859193438141,0.0,0.012987012987012988,0.0,0.0,0.0,0.0,0.2221462747778537,0.2351332877648667,0.05263157894736842,0.0,0.19548872180451127,0.9580314422419687,0.0,0.09159261790840738,0.012987012987012988,0.0,0.0,0.03896103896103896,0.0,0.06561859193438141,0.1442241968557758,0.0,0.012987012987012988,0.05263157894736842,0.0,0.09159261790840738,0.0,0.0,0.0
"DAUPHIN_BOURBON",0.13151927437641722,0.0,0.11678004535147392,0.0,0.1111111111111111,0.0,0.0,0.02040816326530612,0.04081632653061224,0.0,0.13718820861678005,0.0,0.0,0.15192743764172334,0.0,0.0,0.13151927437641722,0.0,0.07596371882086167,0.0,0.02040816326530612,0.0,0.0,0.0,0.09637188208616779,0.02040816326530612,0.0,0.0,0.0,0.02040816326530612,0.0,0.0,0.0,0.0,0.0,0.0,0.02040816326530612,0.02040816326530612,0.0,0.0,0.0,0.15192743764172334,0.13718820861678005,0.0,0.02040816326530612,0.24263038548752833,0.5521541950113379,0.0,0.04081632653061224,0.0,0.0,0.0,0.05555555555555555,0.0,0.0,0.0,0.0,0.02040816326530612,0.02040816326530612,0.0,0.02040816326530612,0.07596371882086167,0.09637188208616779,0.0
"JAMY_GOWER",0.10587686567164178,0.0,0.0,0.0,0.10110074626865673,0.13992537313432835,0.19485074626865673,0.22190298507462689,0.014925373134328358,0.0,0.15485074626865672,0.04617537313432836,0.0,0.13712686567164178,0.0,0.014925373134328358,0.0,0.0,0.07742537313432836,0.03125,0.1771268656716418,0.17992537313432835,0.014925373134328358,0.0,0.05492537313432836,0.029850746268656716,0.03125,0.0,0.014925373134328358,0.09970149253731343,0.0,0.014925373134328358,0.04477611940298507,0.029850746268656716,0.13712686567164178,0.0,0.014925373134328358,0.0,0.0,0.0,0.014925373134328358,0.21595149253731344,0.21455223880597013,0.0,0.0,0.2069776119402985,0.6271082089552239,0.0,0.0,0.014925373134328358,0.0,0.0,0.08477611940298507,0.014925373134328358,0.07602611940298507,0.0,0.0,0.014925373134328358,0.0,0.0,0.13712686567164178,0.0,0.05492537313432836,0.0
"EXETER_GLOUCESTER",0.6034480752222688,0.025974025974025976,0.34805194805194806,0.0,0.19684298939517156,0.16676339157363826,0.025974025974025976,0.7618395940976587,0.26891392920804685,0.32017655547067314,0.7557965806068273,0.24955197132616486,0.01818181818181818,1.1127757652425583,0.061669829222011384,0.06764069264069264,0.012987012987012988,0.0,0.39166242254477546,0.04524507750314202,0.5338453661034307,0.012987012987012988,0.08333333333333333,0.590490155006284,0.6876832844574781,0.03116883116883117,0.025974025974025976,0.0,0.20833333333333331,0.36955965181771633,0.23847720906544434,0.06764069264069264,0.25757575757575757,0.025974025974025976,0.012987012987012988,0.0,0.227994227994228,0.025974025974025976,0.041666666666666664,0.0,0.0,0.6935486609110898,1.0571992628918625,0.0,0.07107843137254902,0.8002910646174404,4.023901799233868,0.012987012987012988,0.29434320160126615,0.0,0.029411764705882353,0.025974025974025976,0.6695341870863692,0.0,0.18394660894660894,0.2634268956849602,0.01818181818181818,0.0,0.01818181818181818,0.0,0.24418767507002803,0.0,0.09719312945119396,0.0
"ORLEANS_RAMBURES",1.3202613016769964,0.0,0.8610385196281273,0.024390243902439025,0.7346897682263537,1.4499863868898863,0.7939325579569483,2.7857867388885413,0.7568482242395287,0.22619047619047616,2.4454122582966695,0.1111111111111111,0.06666666666666667,2.5994016470156445,0.41025641025641024,0.4441527895928744,0.21772068511198947,0.0,0.5594448234692136,0.0,1.8386898744003723,0.3930771125893077,0.16724738675958187,1.0925221120343072,1.415091471507166,0.4598956598956599,0.0,0.041666666666666664,0.7729154903067946,1.4174585488742435,0.2111111111111111,0.35189404091843113,0.28717948717948716,0.07692307692307693,0.38350793780274167,0.09044715447154472,0.11529933481152993,0.043478260869565216,0.3456099456099456,0.0,0.0,2.2689910949189844,2.3455330312435296,0.44358974358974357,0.2,2.0549510699033497,10.732029652920428,0.12454212454212454,0.5587301587301587,0.25300207039337475,0.17692307692307693,0.0,1.2934724313038204,0.2519230769230769,0.19479158169508118,0.9505961429874472,0.8703359648481601,0.0,0.7698412698412698,0.08514492753623187,0.6845967041088993,0.0,0.3225693594728589,0.0
"FLUELLEN_WILLIAMS",0.9573489711380714,0.049188640973630834,0.7365335342371746,0.0,0.416346128021166,0.1372130255977806,0.1325091238350553,1.5386579410202408,0.1367456073338426,0.03553921568627451,0.9511987129450031,0.3499556820473336,0.020833333333333332,1.253644831985954,0.043557168784029036,0.1875487654226845,0.09090909090909091,0.0,0.5376092211844096,0.030303030303030304,1.1861803149586188,0.018518518518518517,0.0,0.7090551579483468,0.9625278194143667,0.20330237358101136,0.0,0.05724137931034483,0.09090909090909091,1.2019960434063306,0.017241379310344827,0.16123297594900027,0.18676965735789264,0.0,0.16758808786672563,0.0,0.07745215311004784,0.2534726614660201,0.02631578947368421,0.0,0.0625,1.2464616954776557,1.1696329579188327,0.0,0.0,1.3736950991592374,5.974937452014476,0.0,0.014705882352941176,0.22792207792207791,0.014705882352941176,0.0,1.194023667248036,0.07043343653250775,0.16919191919191917,0.21512499760992237,0.4647412787916685,0.05427841634738186,0.08333333333333333,0.02631578947368421,0.6720608556026822,0.0,0.2534726614660201,0.0
"FLUELLEN_HERALD",0.18181818181818182,0.0,0.0,0.0,0.0625,0.0,0.0,0.1534090909090909,0.0,0.0,0.0,0.0,0.0,0.0625,0.0,0.0,0.09090909090909091,0.0,0.0,0.0,0.1534090909090909,0.0,0.0,0.24431818181818182,0.3068181818181818,0.0625,0.0,0.0,0.09090909090909091,0.0625,0.0,0.0,0.09090909090909091,0.0,0.0,0.0,0.0,0.0625,0.0,0.0,0.0625,0.24431818181818182,0.0625,0.0,0.0,0.24431818181818182,0.5852272727272727,0.0,0.0,0.0,0.0,0.0,0.0625,0.0,0.0,0.0,0.09090909090909091,0.0,0.0625,0.0,0.0,0.0,0.0625,0.0
"MONTJOY_KING HENRY",0.9317253732244086,0.009009009009009009,0.13741571856755103,0.0,0.2611610454542392,0.2978812210556493,0.10080561141459461,0.7458480482178471,0.15595299916049432,0.04943224314952063,0.5663019706282313,0.3577852809597092,0.018222615081253828,0.7204083732879545,0.012987012987012988,0.12463269007771625,0.13112589028819394,0.0,0.1828693451730101,0.021996021996022,0.4646864501645433,0.06833838523009093,0.08903708903708904,0.16679367740266057,0.21622530798612363,0.015706806282722512,0.0,0.0,0.020942408376963352,0.5215842196277578,0.009009009009009009,0.07897446640902138,0.30142109199700823,0.03624063309927185,0.08363660995239942,0.010471204188481676,0.13100503100503103,0.009009009009009009,0.05612942785717655,0.009009009009009009,0.05028064713928588,0.932367490758232,0.8512817848034161,0.05263157894736842,0.0,1.1928864186786479,3.0748204077220334,0.005235602094240838,0.09159261790840738,0.17678656422111919,0.014244611103249847,0.024715815291731523,0.09886387373298368,0.014244611103249847,0.18509880513187207,0.24945979895001663,0.05759162303664921,0.021996021996022,0.057867181041609254,0.04042262157445403,0.30177609981963793,0.0,0.049431630583463046,0.0
"KATHERINE_ALICE",0.4420995670995671,0.0,0.08263305322128851,0.09090909090909091,0.3170995670995671,0.20202020202020202,0.3050595238095238,1.6701839826839828,0.14375,0.0,0.19374416433239963,0.0,0.0,0.3081709956709957,0.19271708683473388,0.5306091375944317,0.0,0.0,0.0,0.0,1.2951839826839828,0.08333333333333333,0.0,0.4727845683728037,0.8321683218742042,0.16666666666666666,0.0,0.0,0.0,1.4959415584415583,0.0,0.3563667133520074,0.4420995670995671,0.0,0.08333333333333333,0.09090909090909091,0.0,0.16666666666666666,0.0,0.0,0.0,0.7526737967914439,0.5416666666666666,0.125,0.011764705882352941,0.7591991341991342,3.2372925685425686,0.22172619047619047,0.0,0.29166666666666663,0.0,0.0,0.29646464646464643,0.0,0.17424242424242425,0.26785714285714285,0.0,0.0,0.7337662337662337,0.0,0.3051948051948052,0.0,0.3593837535014005,0.08333333333333333
"FRENCH KING_BRITAINE",1.1663482966654635,0.02830188679245283,0.5401729265591605,0.0,0.441668490438962,0.19670056511779432,0.11235875177729551,1.1642222560608162,0.44019249839643804,0.0,1.189807350271191,0.23923975974936176,0.1089499919283368,1.103083588942035,0.012048192771084338,0.06712065653920028,0.7094803068977042,0.0,0.49732850032769976,0.0,0.5091428809650342,0.02857142857142857,0.1,0.23306092842795847,0.340401906073452,0.03333333333333333,0.006024096385542169,0.05,0.07898550724637682,0.7077072780117939,0.007246376811594203,0.06712065653920028,0.0,0.016680339075745145,0.009433962264150943,0.0,0.42436243002280744,0.016680339075745145,0.06373813547874846,0.007246376811594203,0.016680339075745145,1.7749050440660195,1.2447052737509066,0.0,0.21739130434782608,1.608016787104426,4.309355204867525,0.012048192771084338,0.16625298864839472,0.23149732411422322,0.009433962264150943,0.015458058649693112,0.23065738480308987,0.07173913043478261,0.33476217520516127,0.08506534499200816,0.26455714651253165,0.0,0.0,0.0,0.315024558383721,0.029950812272881516,0.07876954907406492,0.0
"HERALD_FLUELLEN",0.0,0.0,0.0,0.0,0.0,0.0,0.0,0.0,0.1111111111111111,0.0,0.0,0.0,0.1111111111111111,0.0,0.0,0.1111111111111111,0.0,0.1111111111111111,0.0,0.1111111111111111,0.0,0.0,0.1111111111111111,0.1111111111111111,0.0,0.0,0.0,0.2222222222222222,0.0,0.0,0.0,0.0,0.0,0.0,0.0,0.0,0.0,0.0,0.0,0.0,0.0,0.0,0.0,0.0,0.0,0.0,0.4444444444444444,0.0,0.0,0.0,0.0,0.0,0.0,0.0,0.0,0.0,0.0,0.0,0.0,0.0,0.0,0.0,0.1111111111111111,0.0
"COURT_GLOUCESTER",0.0,0.0,0.0,0.0,0.16666666666666666,0.0,0.0,0.0,0.08333333333333333,0.0,0.0,0.08333333333333333,0.0,0.0,0.0,0.0,0.0,0.0,0.0,0.08333333333333333,0.0,0.0,0.08333333333333333,0.0,0.0,0.0,0.0,0.08333333333333333,0.08333333333333333,0.0,0.0,0.0,0.0,0.0,0.0,0.0,0.0,0.08333333333333333,0.0,0.0,0.0,0.08333333333333333,0.08333333333333333,0.0,0.16666666666666666,0.0,0.4166666666666667,0.0,0.0,0.0,0.0,0.0,0.0,0.0,0.0,0.0,0.0,0.0,0.0,0.0,0.0,0.0,0.0,0.0
"WILLIAMS_WARWICK",0.6659825248515698,0.0,0.10924472957937781,0.014705882352941176,0.30140262442486204,0.12072220192424796,0.028985507246376812,0.7193991524391627,0.15756302521008403,0.1104274134119381,0.3092410140179874,0.04411764705882353,0.04636091724825524,0.7383935526377765,0.047619047619047616,0.1580464610309857,0.0,0.0,0.18606241317455502,0.0,0.5645655167004163,0.028985507246376812,0.0,0.14453884722643665,0.3191887071704142,0.15433193174100884,0.0,0.01694915254237288,0.1580620457468175,0.13970149592629977,0.05,0.09355370740779731,0.5589810654616237,0.014492753623188406,0.1725392146541741,0.0,0.09397996486730284,0.1599439775910364,0.014492753623188406,0.0,0.0644927536231884,0.36688051786668985,0.5134352635674756,0.0,0.0,0.9673851492764318,2.9912670608539518,0.0,0.062111801242236024,0.0,0.03165503489531406,0.0,0.18745822573686807,0.0,0.37163561076604557,0.031441906165561286,0.17576762466224516,0.14285714285714285,0.234593837535014,0.0644927536231884,0.3714349047718505,0.0,0.17464985994397758,0.0
"BOURBON_ORLEANS",0.11102831594634874,0.01639344262295082,0.07824143070044709,0.0,0.01639344262295082,0.17287630402384502,0.0,0.29284649776453053,0.06184798807749628,0.0,0.3293591654247392,0.0,0.01639344262295082,0.12742175856929955,0.045454545454545456,0.045454545454545456,0.01639344262295082,0.0,0.04918032786885246,0.0,0.21460506706408347,0.0,0.0,0.01639344262295082,0.14008941877794337,0.03278688524590164,0.01639344262295082,0.0,0.0,0.09463487332339791,0.01639344262295082,0.0,0.06184798807749628,0.0,0.0,0.0,0.03278688524590164,0.0,0.01639344262295082,0.0,0.01639344262295082,0.08196721311475409,0.11475409836065574,0.0,0.01639344262295082,0.12742175856929955,0.8353204172876304,0.0,0.0,0.0,0.0,0.0,0.09463487332339791,0.0,0.10730253353204174,0.14008941877794337,0.04918032786885246,0.0,0.04918032786885246,0.045454545454545456,0.04918032786885246,0.07824143070044709,0.12369597615499256,0.0
"ALICE_LORDS",0.0,0.0,0.05555555555555555,0.0,0.047619047619047616,0.0,0.05555555555555555,0.25396825396825395,0.05555555555555555,0.0,0.05555555555555555,0.0,0.0,0.15873015873015872,0.0,0.05555555555555555,0.0,0.0,0.0,0.0,0.25396825396825395,0.0,0.0,0.08333333333333333,0.08333333333333333,0.047619047619047616,0.0,0.0,0.0,0.15079365079365079,0.0,0.05555555555555555,0.0,0.0,0.0,0.0,0.0,0.0,0.0,0.0,0.0,0.09523809523809523,0.047619047619047616,0.0,0.0,0.047619047619047616,0.5634920634920635,0.0,0.0,0.0,0.047619047619047616,0.0,0.0,0.0,0.0,0.0,0.0,0.0,0.047619047619047616,0.0,0.0,0.0,0.0,0.0
"ALICE_WESTMORELAND",0.0,0.0,0.05555555555555555,0.0,0.047619047619047616,0.0,0.05555555555555555,0.25396825396825395,0.05555555555555555,0.0,0.05555555555555555,0.0,0.0,0.15873015873015872,0.0,0.05555555555555555,0.0,0.0,0.0,0.0,0.25396825396825395,0.0,0.0,0.08333333333333333,0.08333333333333333,0.047619047619047616,0.0,0.0,0.0,0.15079365079365079,0.0,0.05555555555555555,0.0,0.0,0.0,0.0,0.0,0.0,0.0,0.0,0.0,0.09523809523809523,0.047619047619047616,0.0,0.0,0.047619047619047616,0.5634920634920635,0.0,0.0,0.0,0.047619047619047616,0.0,0.0,0.0,0.0,0.0,0.0,0.0,0.047619047619047616,0.0,0.0,0.0,0.0,0.0
"CHORUS_KING HENRY",0.058333333333333334,0.008333333333333333,0.075,0.0,0.041666666666666664,0.10833333333333334,0.016666666666666666,0.008333333333333333,0.058333333333333334,0.03333333333333333,0.0,0.1,0.041666666666666664,0.0,0.041666666666666664,0.06666666666666667,0.008333333333333333,0.008333333333333333,0.008333333333333333,0.016666666666666666,0.016666666666666666,0.016666666666666666,0.016666666666666666,0.008333333333333333,0.0,0.025,0.03333333333333333,0.041666666666666664,0.008333333333333333,0.0,0.03333333333333333,0.0,0.0,0.041666666666666664,0.008333333333333333,0.0,0.0,0.0,0.06666666666666667,0.0,0.0,0.016666666666666666,0.10833333333333334,0.0,0.1,0.008333333333333333,0.31666666666666665,0.008333333333333333,0.008333333333333333,0.008333333333333333,0.0,0.008333333333333333,0.041666666666666664,0.0,0.0,0.008333333333333333,0.0,0.0,0.0,0.016666666666666666,0.05,0.0,0.008333333333333333,0.0
"MESSENGER_BRITAINE",0.0,0.0,0.0,0.0,0.0,0.0,0.0,0.0,0.0,0.0,0.0,0.0,0.0,0.0,0.0,0.25,0.0,0.0,0.0,0.0,0.0,0.0,0.0,0.0,0.0,0.0,0.0,0.0,0.0,0.0,0.0,0.0,0.0,0.0,0.0,0.0,0.0,0.0,0.0,0.0,0.0,0.0,0.0,0.0,0.0,0.0,0.25,0.0,0.0,0.0,0.0,0.0,0.0,0.0,0.0,0.0,0.0,0.0,0.0,0.0,0.0,0.0,0.0,0.0
"QUEEN ISABEL_KING HENRY",0.23008944543828264,0.0,0.13830649970184855,0.0,0.11488372093023255,0.05162790697674419,0.09008944543828265,0.5188312462731067,0.08838401908169351,0.013333333333333334,0.45335718545020876,0.1,0.03658914728682171,0.2865354800238521,0.011627906976744186,0.07488372093023256,0.02666666666666667,0.0,0.14171735241502684,0.0,0.3519856887298748,0.05008944543828265,0.10342277877161599,0.43026833631484795,0.4935241502683363,0.011627906976744186,0.024961240310077522,0.0,0.06512820512820514,0.2784734645199762,0.046511627906976744,0.03829457364341085,0.0,0.03658914728682171,0.13847346451997616,0.0,0.263422778771616,0.024961240310077522,0.048217054263565894,0.0,0.02666666666666667,0.4284078711985689,0.3550745378652355,0.0,0.07505068574836017,0.34497316636851516,1.4932975551580203,0.0,0.03658914728682171,0.0,0.05008944543828265,0.013333333333333334,0.21163983303518188,0.04,0.1001788908765653,0.08838401908169351,0.0,0.0,0.011627906976744186,0.011627906976744186,0.07488372093023256,0.0,0.06325581395348837,0.024961240310077522
"ELY_WARWICK",0.10909090909090909,0.0,0.05454545454545454,0.0,0.03636363636363636,0.09090909090909091,0.0,0.0,0.01818181818181818,0.0,0.0,0.09090909090909091,0.01818181818181818,0.01818181818181818,0.07272727272727272,0.12727272727272726,0.0,0.05454545454545454,0.0,0.01818181818181818,0.0,0.0,0.01818181818181818,0.0,0.0,0.05454545454545454,0.01818181818181818,0.01818181818181818,0.0,0.0,0.01818181818181818,0.05454545454545454,0.01818181818181818,0.0,0.0,0.0,0.0,0.0,0.0,0.0,0.01818181818181818,0.01818181818181818,0.09090909090909091,0.0,0.14545454545454545,0.0,0.38181818181818183,0.0,0.0,0.01818181818181818,0.0,0.0,0.0,0.0,0.0,0.01818181818181818,0.0,0.0,0.0,0.0,0.05454545454545454,0.0,0.0,0.0
"HOSTESS_PISTOL",0.4905478442063808,0.05242165242165242,0.16675377468060393,0.0,0.3695613329759671,0.23381801125703564,0.32443856956052075,0.974255080962398,0.09532520325203253,0.10847404627892432,0.6877513633611195,0.18672790624010135,0.004878048780487805,0.6193090333334236,0.004878048780487805,0.10608018900701827,0.03076923076923077,0.0,0.353134151304883,0.07630662020905923,0.6509229478741674,0.0,0.00975609756097561,0.1411905168002729,0.24802117485044314,0.2809590815688377,0.02026266416510319,0.09090909090909091,0.42998972572143307,0.35260042577115747,0.07681189632409144,0.10608018900701827,0.15308684089171895,0.004878048780487805,0.16288305190744215,0.0,0.2871795774234799,0.07268431658675562,0.0,0.02026266416510319,0.05242165242165242,0.8632094193069803,1.12114590468249,0.015384615384615385,0.12794612794612795,0.8601091771823479,3.435982423177545,0.02926829268292683,0.17453095684803002,0.03489681050656661,0.10508130081300812,0.02926829268292683,0.3310454450698353,0.10847404627892432,0.07268431658675562,0.11294559099437149,0.27498262803140855,0.024390243902439025,0.28697846868578575,0.0,0.3904248190833557,0.0,0.10683065805017024,0.0
"GLOUCESTER_ERPINGHAM",0.16666666666666666,0.0,0.0,0.0,0.0,0.0,0.0,0.3666666666666667,0.0,0.0,0.0,0.0,0.0,0.0,0.0,0.0,0.0,0.0,0.0,0.0,0.3666666666666667,0.0,0.0,0.0,0.0,0.0,0.0,0.0,0.0,0.2,0.0,0.0,0.16666666666666666,0.0,0.0,0.0,0.0,0.0,0.0,0.0,0.0,0.0,0.0,0.0,0.0,0.16666666666666666,0.7333333333333334,0.0,0.0,0.0,0.0,0.0,0.2,0.0,0.16666666666666666,0.0,0.0,0.0,0.0,0.0,0.0,0.0,0.0,0.0
"YORK_GLOUCESTER",0.06666666666666667,0.0,0.06666666666666667,0.0,0.0,0.0,0.0,0.0,0.0,0.06666666666666667,0.0,0.13333333333333333,0.0,0.0,0.0,0.13333333333333333,0.06666666666666667,0.06666666666666667,0.0,0.0,0.06666666666666667,0.0,0.0,0.0,0.0,0.0,0.0,0.06666666666666667,0.0,0.0,0.0,0.06666666666666667,0.06666666666666667,0.06666666666666667,0.06666666666666667,0.0,0.06666666666666667,0.0,0.06666666666666667,0.0,0.0,0.0,0.13333333333333333,0.0,0.06666666666666667,0.0,0.3333333333333333,0.0,0.0,0.0,0.0,0.0,0.0,0.0,0.0,0.0,0.0,0.0,0.0,0.0,0.0,0.0,0.0,0.0
"FRENCH KING_GLOUCESTER",0.750120247352331,0.06850459482038429,0.034482758620689655,0.015873015873015872,0.16875522138680032,0.13088229404461532,0.09061903426916043,0.5226248688724895,0.2902473734096947,0.0,0.2423868755151124,0.32448275862068965,0.16374269005847952,0.5108505213130949,0.034482758620689655,0.09613627564847077,0.16580231065468548,0.0,0.32615483199166967,0.0,0.37963751543141566,0.0,0.12510179288985007,0.42666279519938055,0.5087646014391178,0.07702182284980744,0.06896551724137931,0.015873015873015872,0.04,0.40560304602268216,0.06439024390243903,0.0802632597754549,0.10298735344107394,0.024390243902439025,0.06439024390243903,0.0,0.06850459482038429,0.08210180623973727,0.05613627564847077,0.0,0.05035577449370553,0.9044053433274806,0.9319127367057959,0.0,0.1085045948203843,0.9188754687391312,2.649889238093833,0.0,0.2359496442255063,0.15989159891598914,0.0,0.0,0.13361902091927325,0.07474601839614456,0.07702182284980744,0.06850459482038429,0.031746031746031744,0.0,0.10298735344107394,0.015873015873015872,0.18077714611732582,0.0,0.08210180623973727,0.0
"MESSENGER_RAMBURES",0.1111111111111111,0.0,0.06666666666666667,0.0,0.0,0.0,0.0,0.1111111111111111,0.0,0.0,0.06666666666666667,0.1111111111111111,0.0,0.13333333333333333,0.0,0.0,0.0,0.0,0.0,0.0,0.1111111111111111,0.0,0.0,0.0,0.0,0.0,0.0,0.0,0.0,0.1111111111111111,0.06666666666666667,0.0,0.0,0.0,0.0,0.0,0.0,0.0,0.0,0.0,0.0,0.1111111111111111,0.0,0.0,0.0,0.1111111111111111,0.4888888888888889,0.0,0.0,0.0,0.0,0.0,0.06666666666666667,0.0,0.0,0.0,0.0,0.0,0.0,0.0,0.0,0.0,0.0,0.0
"ERPINGHAM_COURT",0.1984126984126984,0.0,0.0,0.0,0.0,0.0,0.0,0.14285714285714285,0.0,0.0,0.0,0.05555555555555555,0.0,0.16666666666666666,0.1984126984126984,0.0,0.0,0.0,0.0,0.0,0.14285714285714285,0.0,0.0,0.0,0.05555555555555555,0.0,0.0,0.0,0.0,0.0,0.0,0.0,0.14285714285714285,0.0,0.0,0.0,0.0,0.05555555555555555,0.0,0.0,0.0,0.05555555555555555,0.05555555555555555,0.0,0.0,0.1984126984126984,0.5079365079365079,0.0,0.0,0.05555555555555555,0.0,0.0,0.0,0.0,0.14285714285714285,0.0,0.0,0.0,0.0,0.0,0.0,0.0,0.05555555555555555,0.0
"NYM_BARDOLPH",1.1674225937245446,0.0136986301369863,0.605123519521971,0.0,1.002714416134861,0.4989713482864167,0.2977355281982746,2.7273476124392757,0.11665393855504112,0.21751364577451535,1.3074706189572036,0.46802559405952837,0.0,1.4930957639908962,0.0,0.26067048893135847,0.08333333333333333,0.0,0.41909159674852087,0.024390243902439025,2.3514694951228017,0.17975554070609198,0.05,1.2569779658886124,1.6177451072245448,0.29091652088136644,0.0,0.0,0.36217948717948717,1.1106566054117588,0.20384615384615384,0.18924191750278707,0.4584879087559254,0.12454212454212454,0.46340399723365777,0.0,0.1789855072463768,0.0781913837601747,0.39995004995004996,0.014492753623188406,0.0,1.0976496229986257,1.3661150740048602,0.014492753623188406,0.0,2.170137009859406,7.76312121349019,0.11797998749218261,0.12142857142857143,0.016666666666666666,0.0136986301369863,0.125,0.731225740030342,0.0,0.9385861210459187,0.40436913183902534,0.2801948051948052,0.38461538461538464,0.17897914319056404,0.0,0.7599692668251188,0.0,0.36076714133593224,0.07142857142857142
"BOY_PISTOL",0.8433875597964856,0.049090909090909095,0.24484109386548414,0.0,0.29409109860329374,0.10181818181818182,0.6344586034388837,1.491368656713753,0.11348115299334813,0.1625531914893617,0.42094286443533974,0.15876207774235795,0.007272727272727273,0.9746550050883211,0.29051615051615054,0.3229205203491659,0.0,0.0,0.5350053864143122,0.0036363636363636364,0.9688294211698466,0.4565190365190365,0.21712509712509712,0.3724050149258144,0.6182674857882852,0.49853535353535355,0.02127659574468085,0.0,0.5066783216783217,0.7791501305590562,0.23293633196072222,0.1262692047616801,0.07791995238803749,0.060807387533537156,0.042572062084257206,0.11474747474747474,0.07064722511531023,0.05621212121212121,0.06426360873169384,0.041666666666666664,0.0036363636363636364,1.9466790488826244,1.7698311292006155,0.0,0.03589442815249267,1.1374786583997794,5.1040263178853165,0.04566683964711987,0.21354932301740812,0.13999630450849962,0.1520779220779221,0.0036363636363636364,0.657242726973547,0.08696969696969696,0.1946311135672838,0.26573500967117986,0.5492479057009415,0.0395307917888563,0.2442424242424242,0.08190384084001105,0.9039308108716515,0.0,0.24586247086247087,0.0
"KATHERINE_GLOUCESTER",0.4420995670995671,0.0,0.023809523809523808,0.09090909090909091,0.3170995670995671,0.09090909090909091,0.08333333333333333,1.6701839826839828,0.0625,0.0,0.023809523809523808,0.0,0.0,0.23674242424242423,0.0,0.08333333333333333,0.0,0.0,0.0,0.0,1.2951839826839828,0.08333333333333333,0.0,0.413961038961039,0.5806277056277057,0.16666666666666666,0.0,0.0,0.0,1.4959415584415583,0.0,0.0,0.4420995670995671,0.0,0.08333333333333333,0.0,0.0,0.16666666666666666,0.0,0.0,0.0,0.6742424242424242,0.5416666666666666,0.125,0.0,0.7591991341991342,2.871482683982684,0.0,0.0,0.29166666666666663,0.0,0.0,0.08333333333333333,0.0,0.17424242424242425,0.26785714285714285,0.0,0.0,0.7337662337662337,0.0,0.23376623376623376,0.0,0.16666666666666666,0.08333333333333333
"DAUPHIN_BRITAINE",0.6034637262493487,0.07611336032388663,0.24993382624961571,0.016666666666666666,0.12358052730324873,0.25872141308598307,0.051648351648351645,0.4474975744552125,0.07446292446292446,0.07185741088180113,0.6254258561062156,0.017543859649122806,0.0,0.8316573976394259,0.02857142857142857,0.1593695777906304,0.13775368775368776,0.0,0.41670810945522113,0.015384615384615385,0.3636919064390181,0.04395604395604395,0.12577389419494683,0.13878928089454404,0.4718798098130576,0.1060679371975906,0.0,0.0,0.0474671669793621,0.3316841196173673,0.0,0.08889531521110468,0.10822718146209802,0.02702702702702703,0.08937000098745926,0.0,0.06677061677061677,0.20002683423736053,0.060622710622710616,0.02857142857142857,0.015384615384615385,0.6624047314676326,0.744669664374414,0.0,0.059109578621773746,0.7270442535525976,3.0328481671870633,0.0,0.007692307692307693,0.06626180836707152,0.0,0.06892986103512419,0.3400116779449257,0.007692307692307693,0.06065398016617529,0.2954255875308507,0.2308317698561601,0.04611528822055137,0.09703103913630229,0.02435897435897436,0.5147384416960796,0.03205128205128205,0.33309052891851354,0.04611528822055137
"CHORUS_ALICE",0.058333333333333334,0.008333333333333333,0.075,0.0,0.041666666666666664,0.10833333333333334,0.016666666666666666,0.008333333333333333,0.058333333333333334,0.03333333333333333,0.0,0.1,0.041666666666666664,0.0,0.041666666666666664,0.06666666666666667,0.008333333333333333,0.008333333333333333,0.008333333333333333,0.016666666666666666,0.016666666666666666,0.016666666666666666,0.016666666666666666,0.008333333333333333,0.0,0.025,0.03333333333333333,0.041666666666666664,0.008333333333333333,0.0,0.03333333333333333,0.0,0.0,0.041666666666666664,0.008333333333333333,0.0,0.0,0.0,0.06666666666666667,0.0,0.0,0.016666666666666666,0.10833333333333334,0.0,0.1,0.008333333333333333,0.31666666666666665,0.008333333333333333,0.008333333333333333,0.008333333333333333,0.0,0.008333333333333333,0.041666666666666664,0.0,0.0,0.008333333333333333,0.0,0.0,0.0,0.016666666666666666,0.05,0.0,0.008333333333333333,0.0
"FRENCH KING_LORDS",1.3341782183668236,0.06850459482038429,0.38810594702648676,0.015873015873015872,0.4455668155896989,0.19754896071128197,0.09061903426916043,1.10958139061162,0.6337256342792599,0.0,0.8626767305875762,0.46796101949025487,0.24055428426137807,0.9746186372551238,0.034482758620689655,0.1294696089818041,0.6063820207996129,0.0,0.43629975952790157,0.0,0.6665940371705461,0.0,0.12510179288985007,0.42666279519938055,0.5087646014391178,0.11035515618314078,0.06896551724137931,0.015873015873015872,0.04,0.7389363793560155,0.06439024390243903,0.11359659310878822,0.10298735344107394,0.024390243902439025,0.06439024390243903,0.0,0.2685045948203843,0.08210180623973727,0.05613627564847077,0.0,0.05035577449370553,1.6986082418782051,1.4623475193144913,0.0,0.31864952235661614,1.7797450339565226,4.704961701861948,0.0,0.2359496442255063,0.3367031931188877,0.0,0.0,0.13361902091927325,0.07474601839614456,0.2973116779222712,0.10183792815371762,0.031746031746031744,0.0,0.10298735344107394,0.015873015873015872,0.2474438127839925,0.0,0.08210180623973727,0.0
"KING HENRY_YORK",0.043478260869565216,0.0,0.043478260869565216,0.0,0.043478260869565216,0.043478260869565216,0.0,0.0,0.0,0.0,0.0,0.13043478260869565,0.08695652173913043,0.043478260869565216,0.0,0.043478260869565216,0.0,0.0,0.0,0.0,0.043478260869565216,0.0,0.0,0.0,0.0,0.0,0.08695652173913043,0.043478260869565216,0.0,0.0,0.0,0.0,0.0,0.0,0.0,0.0,0.0,0.0,0.0,0.0,0.0,0.08695652173913043,0.043478260869565216,0.0,0.08695652173913043,0.0,0.21739130434782608,0.0,0.0,0.0,0.0,0.0,0.0,0.0,0.0,0.043478260869565216,0.0,0.0,0.0,0.0,0.043478260869565216,0.0,0.0,0.0
"ALICE_QUEEN ISABEL",0.0,0.0,0.05555555555555555,0.0,0.047619047619047616,0.0,0.05555555555555555,0.25396825396825395,0.05555555555555555,0.0,0.05555555555555555,0.0,0.0,0.15873015873015872,0.0,0.05555555555555555,0.0,0.0,0.0,0.0,0.25396825396825395,0.0,0.0,0.08333333333333333,0.08333333333333333,0.047619047619047616,0.0,0.0,0.0,0.15079365079365079,0.0,0.05555555555555555,0.0,0.0,0.0,0.0,0.0,0.0,0.0,0.0,0.0,0.09523809523809523,0.047619047619047616,0.0,0.0,0.047619047619047616,0.5634920634920635,0.0,0.0,0.0,0.047619047619047616,0.0,0.0,0.0,0.0,0.0,0.0,0.0,0.047619047619047616,0.0,0.0,0.0,0.0,0.0
"CONSTABLE_RAMBURES",2.2527456372413024,0.2767761650114592,1.1244875130899086,0.043478260869565216,1.152440978857199,0.9776498217783853,0.2993109268301084,4.842559984721849,0.5744687831375137,0.5672631891672139,2.4282400647012965,0.16560400383929794,0.29164259939008863,2.771479838413395,0.5699351014171313,0.37026467706774613,0.5526582177586481,0.0,0.9854139852804938,0.016042780748663103,3.697607409301742,0.18983957219251335,0.5030884290475084,0.9062888201621544,1.440922755422688,0.6815585965311497,0.0053475935828877,0.09,1.101169751014952,2.281043752660308,0.16025641025641024,0.20498011792129442,0.741802226414852,0.18803418803418803,0.5592915856073751,0.15993696556356402,0.24893406230815002,0.18222635562789014,0.6594443739954576,0.0053475935828877,0.20202020202020202,3.0387454185234635,3.866125296931662,0.0,0.047619047619047616,3.4051866160985007,14.146857024389341,0.02708672401767031,0.526954766366531,0.411100141688377,0.10116079809174437,0.125,1.4500960402420073,0.08238463061992474,1.1641492142610863,0.744310643888649,0.8876602700132112,0.042384630619924736,0.5915619783266842,0.0053475935828877,1.4284605605526584,0.12566844919786097,0.5346339352605337,0.0053475935828877
"BURGUNDY_KING HENRY",0.9426732598294203,0.032372859020423486,0.1563458827069142,0.0028653295128939827,0.20917689309523121,0.32756396739204763,0.257331561307206,0.9379409100397639,0.025787965616045846,0.10057808052077392,0.5248786976580674,0.13676846341602789,0.07921967001479896,0.535658056789862,0.19281394610907504,0.30065472042549407,0.08862054850593531,0.0,0.09720895680781066,0.011461318051575931,0.4686640259347996,0.06536532951289398,0.18758755173511618,0.3385220849404231,0.36383774349390396,0.32722051375346506,0.04622719952232846,0.0,0.16310351804621145,0.6453459559118584,0.0,0.04490065808117384,0.22805213464239252,0.0385758251087764,0.06581219905002139,0.0028653295128939827,0.04383417707199942,0.019584999527692937,0.02005730659025788,0.0,0.0028653295128939827,1.0534191347228594,0.8177004651933018,0.018518518518518517,0.0742939009414654,1.1518501529246514,3.048305261808127,0.027114507057200466,0.0444283510186089,0.12198736607762396,0.013854340501904972,0.0028653295128939827,0.14849137252432382,0.16485172473711157,0.11850242509268297,0.06808335461630591,0.3126335725189593,0.0057306590257879654,0.3463586437440306,0.04622719952232846,0.3901608672024145,0.0,0.025315658553480905,0.23150488480001374
"YORK_KING HENRY",0.06666666666666667,0.0,0.06666666666666667,0.0,0.0,0.0,0.0,0.0,0.0,0.06666666666666667,0.0,0.13333333333333333,0.0,0.0,0.0,0.13333333333333333,0.06666666666666667,0.06666666666666667,0.0,0.0,0.06666666666666667,0.0,0.0,0.0,0.0,0.0,0.0,0.06666666666666667,0.0,0.0,0.0,0.06666666666666667,0.06666666666666667,0.06666666666666667,0.06666666666666667,0.0,0.06666666666666667,0.0,0.06666666666666667,0.0,0.0,0.0,0.13333333333333333,0.0,0.06666666666666667,0.0,0.3333333333333333,0.0,0.0,0.0,0.0,0.0,0.0,0.0,0.0,0.0,0.0,0.0,0.0,0.0,0.0,0.0,0.0,0.0
"BURGUNDY_QUEEN ISABEL",0.9426732598294203,0.032372859020423486,0.1563458827069142,0.0028653295128939827,0.20917689309523121,0.32756396739204763,0.257331561307206,0.9379409100397639,0.025787965616045846,0.10057808052077392,0.5248786976580674,0.13676846341602789,0.07921967001479896,0.535658056789862,0.19281394610907504,0.30065472042549407,0.08862054850593531,0.0,0.09720895680781066,0.011461318051575931,0.4686640259347996,0.06536532951289398,0.18758755173511618,0.3385220849404231,0.36383774349390396,0.32722051375346506,0.04622719952232846,0.0,0.16310351804621145,0.6453459559118584,0.0,0.04490065808117384,0.22805213464239252,0.0385758251087764,0.06581219905002139,0.0028653295128939827,0.04383417707199942,0.019584999527692937,0.02005730659025788,0.0,0.0028653295128939827,1.0534191347228594,0.8177004651933018,0.018518518518518517,0.0742939009414654,1.1518501529246514,3.048305261808127,0.027114507057200466,0.0444283510186089,0.12198736607762396,0.013854340501904972,0.0028653295128939827,0.14849137252432382,0.16485172473711157,0.11850242509268297,0.06808335461630591,0.3126335725189593,0.0057306590257879654,0.3463586437440306,0.04622719952232846,0.3901608672024145,0.0,0.025315658553480905,0.23150488480001374
"ALICE_FRENCH KING",0.0,0.0,0.05555555555555555,0.0,0.047619047619047616,0.0,0.05555555555555555,0.25396825396825395,0.05555555555555555,0.0,0.05555555555555555,0.0,0.0,0.15873015873015872,0.0,0.05555555555555555,0.0,0.0,0.0,0.0,0.25396825396825395,0.0,0.0,0.08333333333333333,0.08333333333333333,0.047619047619047616,0.0,0.0,0.0,0.15079365079365079,0.0,0.05555555555555555,0.0,0.0,0.0,0.0,0.0,0.0,0.0,0.0,0.0,0.09523809523809523,0.047619047619047616,0.0,0.0,0.047619047619047616,0.5634920634920635,0.0,0.0,0.0,0.047619047619047616,0.0,0.0,0.0,0.0,0.0,0.0,0.0,0.047619047619047616,0.0,0.0,0.0,0.0,0.0
"GOWER_FLUELLEN",1.818445893263452,0.14285714285714285,0.8227208985667631,0.14583333333333331,0.6720438813483927,0.7779364966450327,0.5935525627254952,2.5965521437381236,0.4309744662188271,0.2506157167811303,1.9562106452199328,0.8882352413422737,0.09058360186179734,1.0661027568922306,0.03571428571428571,0.2543859649122807,0.0,0.0,0.5193448990441472,0.0,1.4253744271601414,0.5833484810928421,0.037024379129642286,0.4050283989193763,1.0611048517063553,0.3595771083553039,0.0,0.006493506493506494,0.26629024815667895,1.6777095189689173,0.01020408163265306,0.15350877192982454,0.0,0.02968460111317254,0.11343903590144191,0.0,0.4656722976271848,0.331978328688855,0.14451462403143078,0.08333333333333333,0.10408122579175211,2.95130329275619,2.2413149820104703,0.01020408163265306,0.045454545454545456,2.490489774611844,7.845699563103367,0.0,0.2925412619961492,0.5481788887803926,0.15274794128177588,0.2,1.4961443539506343,0.01020408163265306,0.43585478848636744,0.3825671416892116,1.0594277693901755,0.0,0.3527479412817759,0.10087719298245613,0.32426846336620774,0.006493506493506494,0.6560764527869791,0.08333333333333333
"BATES_FLUELLEN",0.5564726894273924,0.0,0.10439024390243903,0.0,0.10321377331420373,0.15584535226157215,0.0,1.017308154048023,0.11044715447154471,0.41876678628140435,0.26023559616401115,0.08695652173913043,0.12669203418376895,0.6987868515715713,0.0,0.05263157894736842,0.199862765891086,0.0,0.3341610115051211,0.02,0.6697041368313803,0.0,0.0,0.2274467178175618,0.3896134682036011,0.2993236131311373,0.0,0.08695652173913043,0.2816666666666667,0.2834493694782149,0.0,0.0,0.05263157894736842,0.0,0.08786850477200424,0.0,0.0,0.05263157894736842,0.02,0.0,0.0,1.0245390509834564,1.5408457079321096,0.0,0.0,0.659686462741596,3.08535056529728,0.0,0.06166666666666666,0.32371385703357636,0.041666666666666664,0.041666666666666664,0.23483739837398376,0.0,0.22035515618314075,0.21944317315026696,0.4129867351305092,0.041666666666666664,0.21145510835913311,0.0,0.4061352073340359,0.0,0.16216675038603934,0.05263157894736842
"ELY_GLOUCESTER",0.10909090909090909,0.0,0.05454545454545454,0.0,0.03636363636363636,0.09090909090909091,0.0,0.0,0.01818181818181818,0.0,0.0,0.09090909090909091,0.01818181818181818,0.01818181818181818,0.07272727272727272,0.12727272727272726,0.0,0.05454545454545454,0.0,0.01818181818181818,0.0,0.0,0.01818181818181818,0.0,0.0,0.05454545454545454,0.01818181818181818,0.01818181818181818,0.0,0.0,0.01818181818181818,0.05454545454545454,0.01818181818181818,0.0,0.0,0.0,0.0,0.0,0.0,0.0,0.01818181818181818,0.01818181818181818,0.09090909090909091,0.0,0.14545454545454545,0.0,0.38181818181818183,0.0,0.0,0.01818181818181818,0.0,0.0,0.0,0.0,0.0,0.01818181818181818,0.0,0.0,0.0,0.0,0.05454545454545454,0.0,0.0,0.0
"EXETER_MESSENGER",0.436393389808024,0.054814814814814816,0.25264199215418726,0.007407407407407408,0.2276743671865623,0.22226783153612423,0.06102046102046102,0.24446585934390816,0.10751378702598216,0.04278684278684279,0.5443588480173847,0.12626231040865188,0.028656483534532318,0.49513534342802634,0.01960252935862692,0.07982387982387983,0.13515151515151513,0.0,0.17333301747935895,0.0,0.17137598625403502,0.020227920227920228,0.0,0.08842616281640672,0.20511304413743436,0.06842786842786844,0.007407407407407408,0.007407407407407408,0.027972027972027972,0.1150841750841751,0.01282051282051282,0.04245014245014245,0.020227920227920228,0.04216145191754948,0.1479696274818226,0.029966329966329967,0.06170491658296536,0.05196650684455563,0.1621590514273441,0.0,0.007407407407407408,0.7244148173416466,0.5902910278520035,0.0,0.027635327635327635,0.6640677569945862,1.9771705800974093,0.01282051282051282,0.092362271874467,0.1104701802262778,0.007407407407407408,0.04347129834934713,0.22801972192216094,0.015151515151515152,0.07144332632137511,0.09629181116985996,0.28744404646843674,0.013504968383017164,0.043933708567854904,0.0,0.19208154086202867,0.021249076127124907,0.11668688132102767,0.020227920227920228
"DAUPHIN_GRANDPRE",0.19047619047619047,0.0,0.0,0.0,0.0,0.3333333333333333,0.0,0.0,0.09523809523809523,0.0,0.0,0.14285714285714285,0.047619047619047616,0.0,0.14285714285714285,0.09523809523809523,0.0,0.047619047619047616,0.047619047619047616,0.09523809523809523,0.0,0.0,0.0,0.0,0.0,0.14285714285714285,0.0,0.0,0.0,0.0,0.0,0.0,0.0,0.0,0.0,0.047619047619047616,0.09523809523809523,0.0,0.0,0.0,0.0,0.047619047619047616,0.19047619047619047,0.0,0.19047619047619047,0.0,0.3333333333333333,0.0,0.047619047619047616,0.047619047619047616,0.0,0.0,0.0,0.0,0.0,0.0,0.0,0.0,0.047619047619047616,0.0,0.047619047619047616,0.0,0.047619047619047616,0.0
"ELY_EXETER",0.10909090909090909,0.0,0.05454545454545454,0.0,0.03636363636363636,0.09090909090909091,0.0,0.0,0.01818181818181818,0.0,0.0,0.09090909090909091,0.01818181818181818,0.01818181818181818,0.07272727272727272,0.12727272727272726,0.0,0.05454545454545454,0.0,0.01818181818181818,0.0,0.0,0.01818181818181818,0.0,0.0,0.05454545454545454,0.01818181818181818,0.01818181818181818,0.0,0.0,0.01818181818181818,0.05454545454545454,0.01818181818181818,0.0,0.0,0.0,0.0,0.0,0.0,0.0,0.01818181818181818,0.01818181818181818,0.09090909090909091,0.0,0.14545454545454545,0.0,0.38181818181818183,0.0,0.0,0.01818181818181818,0.0,0.0,0.0,0.0,0.0,0.01818181818181818,0.0,0.0,0.0,0.0,0.05454545454545454,0.0,0.0,0.0
"GREY_CAMBRIDGE",0.3530197941962648,0.038461538461538464,0.06548856548856549,0.0,0.10395010395010396,0.02702702702702703,0.09728506787330317,0.1898006603888957,0.11287758346581876,0.058823529411764705,0.09251559251559252,0.058823529411764705,0.038461538461538464,0.25528922587746117,0.08585055643879173,0.1831356243120949,0.0,0.0,0.07692307692307693,0.058823529411764705,0.13097713097713098,0.0,0.038461538461538464,0.1513391219273572,0.2708817414699768,0.11287758346581876,0.0,0.038461538461538464,0.06548856548856549,0.1243120949003302,0.0,0.06548856548856549,0.1969111969111969,0.038461538461538464,0.08585055643879173,0.058823529411764705,0.0,0.09251559251559252,0.038461538461538464,0.02702702702702703,0.0,0.330316742081448,0.3796013207777914,0.0,0.038461538461538464,0.45696989814636874,1.2587920823214942,0.0,0.058823529411764705,0.02702702702702703,0.0,0.0,0.11287758346581876,0.0,0.0,0.0,0.058823529411764705,0.0,0.02702702702702703,0.058823529411764705,0.16277363336186867,0.0,0.11954261954261955,0.0
"BATES_WILLIAMS",0.5564726894273924,0.0,0.10439024390243903,0.0,0.10321377331420373,0.15584535226157215,0.0,1.017308154048023,0.11044715447154471,0.41876678628140435,0.26023559616401115,0.08695652173913043,0.12669203418376895,0.6987868515715713,0.0,0.05263157894736842,0.199862765891086,0.0,0.3341610115051211,0.02,0.6697041368313803,0.0,0.0,0.2274467178175618,0.3896134682036011,0.2993236131311373,0.0,0.08695652173913043,0.2816666666666667,0.2834493694782149,0.0,0.0,0.05263157894736842,0.0,0.08786850477200424,0.0,0.0,0.05263157894736842,0.02,0.0,0.0,1.0245390509834564,1.5408457079321096,0.0,0.0,0.659686462741596,3.08535056529728,0.0,0.06166666666666666,0.32371385703357636,0.041666666666666664,0.041666666666666664,0.23483739837398376,0.0,0.22035515618314075,0.21944317315026696,0.4129867351305092,0.041666666666666664,0.21145510835913311,0.0,0.4061352073340359,0.0,0.16216675038603934,0.05263157894736842
"CHORUS_GLOUCESTER",0.058333333333333334,0.008333333333333333,0.075,0.0,0.041666666666666664,0.10833333333333334,0.016666666666666666,0.008333333333333333,0.058333333333333334,0.03333333333333333,0.0,0.1,0.041666666666666664,0.0,0.041666666666666664,0.06666666666666667,0.008333333333333333,0.008333333333333333,0.008333333333333333,0.016666666666666666,0.016666666666666666,0.016666666666666666,0.016666666666666666,0.008333333333333333,0.0,0.025,0.03333333333333333,0.041666666666666664,0.008333333333333333,0.0,0.03333333333333333,0.0,0.0,0.041666666666666664,0.008333333333333333,0.0,0.0,0.0,0.06666666666666667,0.0,0.0,0.016666666666666666,0.10833333333333334,0.0,0.1,0.008333333333333333,0.31666666666666665,0.008333333333333333,0.008333333333333333,0.008333333333333333,0.0,0.008333333333333333,0.041666666666666664,0.0,0.0,0.008333333333333333,0.0,0.0,0.0,0.016666666666666666,0.05,0.0,0.008333333333333333,0.0
"GOWER_PISTOL",0.5586445104357532,0.0,0.31859410430839,0.08333333333333333,0.36723356009070296,0.21519660495777257,0.2397064088793412,1.0906411687482012,0.23242630385487528,0.226578350638501,0.7037692269890412,0.44753339932464214,0.02040816326530612,0.3721804511278195,0.03571428571428571,0.16666666666666666,0.0,0.0,0.4193221148108366,0.0,0.593811910729204,0.22950232724668815,0.0,0.14965986394557823,0.2607709750566893,0.02040816326530612,0.0,0.0,0.07923169267707082,0.5848311254326292,0.01020408163265306,0.08333333333333333,0.0,0.01020408163265306,0.02040816326530612,0.0,0.21759756534192626,0.0,0.06902761104441776,0.08333333333333333,0.0,0.8425686063899244,0.9734514858575009,0.01020408163265306,0.0,0.9258780705264562,3.1228066665262593,0.0,0.09854994629430719,0.2306122448979592,0.01020408163265306,0.0,0.6573734757060719,0.01020408163265306,0.21637426900584794,0.1880752300920368,0.21485260770975054,0.0,0.01020408163265306,0.08333333333333333,0.13265306122448978,0.0,0.1111111111111111,0.08333333333333333
"ERPINGHAM_GLOUCESTER",0.3893217893217893,0.0,0.1,0.045454545454545456,0.045454545454545456,0.045454545454545456,0.045454545454545456,0.18831168831168832,0.0,0.0,0.26666666666666666,0.15555555555555556,0.0,0.26666666666666666,0.3984126984126984,0.0,0.0,0.0,0.0,0.0,0.18831168831168832,0.045454545454545456,0.0,0.33636363636363636,0.3919191919191919,0.0,0.0,0.0,0.0,0.0,0.0,0.0,0.23376623376623376,0.0,0.045454545454545456,0.0,0.16666666666666666,0.05555555555555555,0.09090909090909091,0.0,0.0,0.201010101010101,0.10101010101010101,0.0,0.0,0.43477633477633476,0.9806637806637807,0.0,0.0,0.05555555555555555,0.0,0.0,0.045454545454545456,0.0,0.18831168831168832,0.045454545454545456,0.0,0.0,0.0,0.0,0.045454545454545456,0.0,0.05555555555555555,0.0
"SALISBURY_GLOUCESTER",0.23254237288135593,0.0,0.09694915254237288,0.0,0.0,0.07389830508474576,0.0,0.09694915254237288,0.09084745762711866,0.0,0.19389830508474576,0.01694915254237288,0.0,0.2447457627118644,0.056949152542372886,0.01694915254237288,0.09084745762711866,0.0,0.14779661016949153,0.0,0.09694915254237288,0.0,0.04,0.12474576271186441,0.1816949152542373,0.0,0.0,0.0,0.0,0.04,0.0,0.01694915254237288,0.0847457627118644,0.0,0.0,0.0,0.0,0.04,0.0,0.0,0.0,0.19864406779661017,0.2216949152542373,0.0,0.0,0.23254237288135593,0.6989830508474576,0.0,0.07389830508474576,0.0,0.0,0.0,0.01694915254237288,0.0,0.056949152542372886,0.0,0.0,0.0,0.01694915254237288,0.0,0.03389830508474576,0.01694915254237288,0.056949152542372886,0.0
"KATHERINE_FRENCH KING",0.4420995670995671,0.0,0.023809523809523808,0.09090909090909091,0.3170995670995671,0.09090909090909091,0.08333333333333333,1.6701839826839828,0.0625,0.0,0.023809523809523808,0.0,0.0,0.23674242424242423,0.0,0.08333333333333333,0.0,0.0,0.0,0.0,1.2951839826839828,0.08333333333333333,0.0,0.413961038961039,0.5806277056277057,0.16666666666666666,0.0,0.0,0.0,1.4959415584415583,0.0,0.0,0.4420995670995671,0.0,0.08333333333333333,0.0,0.0,0.16666666666666666,0.0,0.0,0.0,0.6742424242424242,0.5416666666666666,0.125,0.0,0.7591991341991342,2.871482683982684,0.0,0.0,0.29166666666666663,0.0,0.0,0.08333333333333333,0.0,0.17424242424242425,0.26785714285714285,0.0,0.0,0.7337662337662337,0.0,0.23376623376623376,0.0,0.16666666666666666,0.08333333333333333
"WESTMORELAND_ALICE",0.043478260869565216,0.0,0.043478260869565216,0.0,0.0,0.08695652173913043,0.0,0.0,0.0,0.08695652173913043,0.0,0.13043478260869565,0.0,0.0,0.043478260869565216,0.08695652173913043,0.0,0.0,0.0,0.0,0.0,0.0,0.0,0.0,0.0,0.043478260869565216,0.0,0.0,0.0,0.0,0.0,0.0,0.0,0.0,0.0,0.0,0.0,0.0,0.08695652173913043,0.0,0.0,0.08695652173913043,0.13043478260869565,0.0,0.043478260869565216,0.043478260869565216,0.34782608695652173,0.0,0.08695652173913043,0.0,0.0,0.0,0.0,0.0,0.0,0.0,0.043478260869565216,0.0,0.0,0.0,0.08695652173913043,0.0,0.0,0.0
"ORLEANS_BOURBON",0.22529644268774704,0.0,0.17391304347826086,0.0,0.09090909090909091,0.043478260869565216,0.0,0.2648221343873518,0.043478260869565216,0.0,0.3517786561264822,0.0,0.0,0.3557312252964427,0.0,0.043478260869565216,0.13438735177865613,0.0,0.09090909090909091,0.0,0.13043478260869565,0.0,0.0,0.0,0.043478260869565216,0.0,0.0,0.0,0.13438735177865613,0.043478260869565216,0.0,0.0,0.0,0.0,0.08695652173913043,0.0,0.09090909090909091,0.043478260869565216,0.09090909090909091,0.0,0.0,0.3162055335968379,0.22134387351778656,0.0,0.0,0.3162055335968379,1.0671936758893281,0.0,0.0,0.043478260869565216,0.0,0.0,0.17786561264822134,0.0,0.043478260869565216,0.043478260869565216,0.09090909090909091,0.0,0.0,0.043478260869565216,0.0,0.0,0.043478260869565216,0.0
"CONSTABLE_FRENCH KING",0.4150993883792049,0.009174311926605505,0.17087155963302753,0.009174311926605505,0.05584862385321101,0.10668960244648318,0.06085626911314984,0.3275229357798165,0.05500764525993884,0.04583333333333334,0.2775611620795107,0.0125,0.0125,0.3725917431192661,0.05168195718654434,0.10837155963302753,0.1967125382262997,0.0,0.14086391437308868,0.021674311926605506,0.21834862385321102,0.0125,0.09755351681957186,0.11918960244648319,0.22836391437308867,0.130848623853211,0.021674311926605506,0.0,0.04583333333333334,0.18084862385321102,0.0125,0.03918195718654434,0.03333333333333333,0.03333333333333333,0.04583333333333334,0.027522935779816515,0.009174311926605505,0.03333333333333333,0.08834097859327217,0.0,0.0,0.6426223241590214,0.38505351681957184,0.0125,0.0,0.4709480122324159,1.6194571865443426,0.009174311926605505,0.020833333333333332,0.04583333333333334,0.04250764525993884,0.009174311926605505,0.17668195718654434,0.030007645259938837,0.05500764525993884,0.07335626911314985,0.14166666666666666,0.009174311926605505,0.08501529051987768,0.041666666666666664,0.15168195718654434,0.020833333333333332,0.10917431192660551,0.0
"NYM_PISTOL",1.0733586667839052,0.0,0.544392925914665,0.0,0.8026818003488204,0.3531135531135531,0.25070356472795496,2.0986783365097255,0.04878048780487805,0.16751364577451533,1.1008822301770338,0.46802559405952837,0.0,1.2900951116751753,0.0,0.22733715559802517,0.08333333333333333,0.0,0.3238208857243852,0.024390243902439025,1.7364988493302385,0.14939024390243902,0.0,1.205771181805116,1.552839693004062,0.22242337019643488,0.0,0.0,0.36217948717948717,0.9005130959531807,0.20384615384615384,0.15590858416945375,0.4310906484819528,0.12454212454212454,0.2949434623347667,0.0,0.1789855072463768,0.0644927536231884,0.3832833832833833,0.014492753623188406,0.0,0.9398870659210002,0.9297158567837253,0.014492753623188406,0.0,1.8760404671327258,6.259859634886145,0.10131332082551595,0.047619047619047616,0.0,0.0,0.125,0.6562094321373219,0.0,0.6141242815155858,0.2894637176185426,0.2635281385281385,0.38461538461538464,0.12480432257738727,0.0,0.4235700496039838,0.0,0.347068511198946,0.07142857142857142
"BRITAINE_FRENCH KING",0.1879310344827586,0.0,0.06896551724137931,0.0,0.059482758620689656,0.025,0.0,0.0939655172413793,0.034482758620689655,0.025,0.12844827586206897,0.0,0.0,0.0939655172413793,0.0,0.034482758620689655,0.13793103448275862,0.0,0.0939655172413793,0.034482758620689655,0.0939655172413793,0.0,0.025,0.034482758620689655,0.08448275862068966,0.075,0.0,0.0,0.0,0.06896551724137931,0.0,0.034482758620689655,0.025,0.06896551724137931,0.059482758620689656,0.0,0.034482758620689655,0.05,0.0,0.05,0.0,0.1879310344827586,0.20344827586206898,0.0,0.025,0.2474137931034483,0.7232758620689655,0.0,0.0,0.0,0.0,0.0,0.08448275862068966,0.0,0.025,0.034482758620689655,0.0,0.05,0.0,0.0,0.13448275862068965,0.0,0.05,0.0
"ELY_CANTERBURY",0.10909090909090909,0.0,0.05454545454545454,0.0,0.03636363636363636,0.09090909090909091,0.0,0.0,0.01818181818181818,0.0,0.0,0.09090909090909091,0.01818181818181818,0.01818181818181818,0.07272727272727272,0.12727272727272726,0.0,0.05454545454545454,0.0,0.01818181818181818,0.0,0.0,0.01818181818181818,0.0,0.0,0.05454545454545454,0.01818181818181818,0.01818181818181818,0.0,0.0,0.01818181818181818,0.05454545454545454,0.01818181818181818,0.0,0.0,0.0,0.0,0.0,0.0,0.0,0.01818181818181818,0.01818181818181818,0.09090909090909091,0.0,0.14545454545454545,0.0,0.38181818181818183,0.0,0.0,0.01818181818181818,0.0,0.0,0.0,0.0,0.0,0.01818181818181818,0.0,0.0,0.0,0.0,0.05454545454545454,0.0,0.0,0.0
"COURT_GOWER",0.0,0.0,0.0,0.0,0.16666666666666666,0.0,0.0,0.0,0.08333333333333333,0.0,0.0,0.08333333333333333,0.0,0.0,0.0,0.0,0.0,0.0,0.0,0.08333333333333333,0.0,0.0,0.08333333333333333,0.0,0.0,0.0,0.0,0.08333333333333333,0.08333333333333333,0.0,0.0,0.0,0.0,0.0,0.0,0.0,0.0,0.08333333333333333,0.0,0.0,0.0,0.08333333333333333,0.08333333333333333,0.0,0.16666666666666666,0.0,0.4166666666666667,0.0,0.0,0.0,0.0,0.0,0.0,0.0,0.0,0.0,0.0,0.0,0.0,0.0,0.0,0.0,0.0,0.0
"KATHERINE_WARWICK",0.4420995670995671,0.0,0.023809523809523808,0.09090909090909091,0.3170995670995671,0.09090909090909091,0.08333333333333333,1.6701839826839828,0.0625,0.0,0.023809523809523808,0.0,0.0,0.23674242424242423,0.0,0.08333333333333333,0.0,0.0,0.0,0.0,1.2951839826839828,0.08333333333333333,0.0,0.413961038961039,0.5806277056277057,0.16666666666666666,0.0,0.0,0.0,1.4959415584415583,0.0,0.0,0.4420995670995671,0.0,0.08333333333333333,0.0,0.0,0.16666666666666666,0.0,0.0,0.0,0.6742424242424242,0.5416666666666666,0.125,0.0,0.7591991341991342,2.871482683982684,0.0,0.0,0.29166666666666663,0.0,0.0,0.08333333333333333,0.0,0.17424242424242425,0.26785714285714285,0.0,0.0,0.7337662337662337,0.0,0.23376623376623376,0.0,0.16666666666666666,0.08333333333333333
"KING HENRY_FRENCH KING",3.732493808560948,0.12989604646513767,0.7408081319139159,0.17595766181325465,1.0839731466426303,0.6422321080377094,1.0083051013270983,3.4294590986594007,0.4111948190473269,0.421648396953485,1.6181925944748656,1.1019340527523682,0.2696718308092331,2.8253501470624633,0.6268108526208578,1.6200332047996309,0.5472699983676655,0.0,1.32936258925653,0.01740860460647932,2.3807455740584937,0.5160306826346508,0.15988993888662767,2.2542654265193893,2.481833744960538,0.4029721354675068,0.1470399708572805,0.022884491283985814,0.16007580611174707,1.9677813221521376,0.1640272774202612,0.5390187863433245,1.3000879464693342,0.1905858538136564,0.45715317651357534,0.010506190133646311,0.3901483610071537,0.0983852088560596,0.4195533697001391,0.0,0.0023094688221709007,3.979289542472737,3.5049255498209497,0.09719387755102041,0.5870565736866891,4.816466955203578,14.018970534509192,0.16561184613275282,0.38066487759012035,0.4180806182739996,0.1402840106162822,0.1,1.153339844798056,0.185715139844211,0.9635447673190223,0.8346312261713434,0.6553351136842334,0.07658500238241196,0.3401314052950136,0.13124581087326706,1.974568071965185,0.01278966696213752,0.22756831844114792,0.9392624174493928
"EXETER_SALISBURY",0.18010752688172044,0.0,0.0,0.0,0.03225806451612903,0.06451612903225806,0.0,0.11559139784946236,0.16666666666666666,0.08333333333333333,0.06451612903225806,0.0967741935483871,0.0,0.3279569892473118,0.03225806451612903,0.0,0.0,0.0,0.0,0.03225806451612903,0.11559139784946236,0.0,0.08333333333333333,0.06451612903225806,0.0967741935483871,0.0,0.0,0.0,0.0,0.11559139784946236,0.16666666666666666,0.0,0.0,0.0,0.0,0.0,0.0,0.0,0.0,0.0,0.0,0.18010752688172044,0.23118279569892472,0.0,0.0,0.21236559139784944,0.9704301075268817,0.0,0.11559139784946236,0.0,0.0,0.0,0.03225806451612903,0.0,0.0,0.03225806451612903,0.0,0.0,0.0,0.0,0.0,0.0,0.03225806451612903,0.0
"HERALD_KING HENRY",0.0,0.0,0.0,0.0,0.0,0.0,0.0,0.0,0.1111111111111111,0.0,0.0,0.0,0.1111111111111111,0.0,0.0,0.1111111111111111,0.0,0.1111111111111111,0.0,0.1111111111111111,0.0,0.0,0.1111111111111111,0.1111111111111111,0.0,0.0,0.0,0.2222222222222222,0.0,0.0,0.0,0.0,0.0,0.0,0.0,0.0,0.0,0.0,0.0,0.0,0.0,0.0,0.0,0.0,0.0,0.0,0.4444444444444444,0.0,0.0,0.0,0.0,0.0,0.0,0.0,0.0,0.0,0.0,0.0,0.0,0.0,0.0,0.0,0.1111111111111111,0.0
"EXETER_DAUPHIN",0.436393389808024,0.054814814814814816,0.25264199215418726,0.007407407407407408,0.2276743671865623,0.22226783153612423,0.06102046102046102,0.24446585934390816,0.10751378702598216,0.04278684278684279,0.5443588480173847,0.12626231040865188,0.028656483534532318,0.49513534342802634,0.01960252935862692,0.07982387982387983,0.13515151515151513,0.0,0.17333301747935895,0.0,0.17137598625403502,0.020227920227920228,0.0,0.08842616281640672,0.20511304413743436,0.06842786842786844,0.007407407407407408,0.007407407407407408,0.027972027972027972,0.1150841750841751,0.01282051282051282,0.04245014245014245,0.020227920227920228,0.04216145191754948,0.1479696274818226,0.029966329966329967,0.06170491658296536,0.05196650684455563,0.1621590514273441,0.0,0.007407407407407408,0.7244148173416466,0.5902910278520035,0.0,0.027635327635327635,0.6640677569945862,1.9771705800974093,0.01282051282051282,0.092362271874467,0.1104701802262778,0.007407407407407408,0.04347129834934713,0.22801972192216094,0.015151515151515152,0.07144332632137511,0.09629181116985996,0.28744404646843674,0.013504968383017164,0.043933708567854904,0.0,0.19208154086202867,0.021249076127124907,0.11668688132102767,0.020227920227920228
"GREY_WESTMORELAND",0.3530197941962648,0.038461538461538464,0.06548856548856549,0.0,0.10395010395010396,0.02702702702702703,0.09728506787330317,0.1898006603888957,0.11287758346581876,0.058823529411764705,0.09251559251559252,0.058823529411764705,0.038461538461538464,0.25528922587746117,0.08585055643879173,0.1831356243120949,0.0,0.0,0.07692307692307693,0.058823529411764705,0.13097713097713098,0.0,0.038461538461538464,0.1513391219273572,0.2708817414699768,0.11287758346581876,0.0,0.038461538461538464,0.06548856548856549,0.1243120949003302,0.0,0.06548856548856549,0.1969111969111969,0.038461538461538464,0.08585055643879173,0.058823529411764705,0.0,0.09251559251559252,0.038461538461538464,0.02702702702702703,0.0,0.330316742081448,0.3796013207777914,0.0,0.038461538461538464,0.45696989814636874,1.2587920823214942,0.0,0.058823529411764705,0.02702702702702703,0.0,0.0,0.11287758346581876,0.0,0.0,0.0,0.058823529411764705,0.0,0.02702702702702703,0.058823529411764705,0.16277363336186867,0.0,0.11954261954261955,0.0
"RAMBURES_MESSENGER",0.06666666666666667,0.0,0.0,0.0,0.0,0.06666666666666667,0.0,0.0,0.06666666666666667,0.0,0.0,0.0,0.06666666666666667,0.0,0.0,0.13333333333333333,0.0,0.0,0.0,0.06666666666666667,0.0,0.0,0.06666666666666667,0.0,0.0,0.06666666666666667,0.06666666666666667,0.0,0.0,0.0,0.0,0.0,0.0,0.0,0.0,0.0,0.0,0.0,0.0,0.0,0.0,0.0,0.0,0.0,0.06666666666666667,0.0,0.3333333333333333,0.0,0.0,0.0,0.0,0.0,0.0,0.0,0.0,0.06666666666666667,0.0,0.0,0.0,0.0,0.0,0.0,0.0,0.0
"MONTJOY_FLUELLEN",0.7622106773939235,0.009009009009009009,0.08546766661949909,0.0,0.2351870194802132,0.23226262912126788,0.035187019480213196,0.5626628124010323,0.024715815291731523,0.010471204188481676,0.435748313758785,0.21424461110324985,0.005235602094240838,0.42949928237886353,0.0,0.11164567709070328,0.13112589028819394,0.0,0.14390830621197115,0.009009009009009009,0.3860808452431489,0.015706806282722512,0.06306306306306306,0.062214046507240224,0.11164567709070328,0.015706806282722512,0.0,0.0,0.020942408376963352,0.4170045887323374,0.009009009009009009,0.0659874534220084,0.30142109199700823,0.023253620112258858,0.018018018018018018,0.010471204188481676,0.11801801801801802,0.009009009009009009,0.05612942785717655,0.009009009009009009,0.05028064713928588,0.7102212159803782,0.6161484970385493,0.0,0.0,0.9973976968741367,2.1167889654800653,0.005235602094240838,0.0,0.1637995512341062,0.014244611103249847,0.024715815291731523,0.05990283477194472,0.014244611103249847,0.11948021319749069,0.10523560209424085,0.05759162303664921,0.009009009009009009,0.005235602094240838,0.04042262157445403,0.2101834819112306,0.0,0.049431630583463046,0.0
"GRANDPRE_CONSTABLE",0.09859154929577464,0.0,0.04929577464788732,0.007042253521126761,0.02112676056338028,0.09154929577464789,0.0,0.028169014084507043,0.035211267605633804,0.007042253521126761,0.0,0.11267605633802817,0.04929577464788732,0.007042253521126761,0.028169014084507043,0.09859154929577464,0.014084507042253521,0.06338028169014084,0.007042253521126761,0.035211267605633804,0.0,0.007042253521126761,0.028169014084507043,0.02112676056338028,0.0,0.07746478873239436,0.014084507042253521,0.04929577464788732,0.0,0.0,0.0,0.04225352112676056,0.007042253521126761,0.0,0.007042253521126761,0.0,0.02112676056338028,0.007042253521126761,0.0,0.0,0.007042253521126761,0.035211267605633804,0.04929577464788732,0.0,0.11971830985915492,0.0,0.3591549295774648,0.014084507042253521,0.007042253521126761,0.014084507042253521,0.0,0.007042253521126761,0.0,0.014084507042253521,0.0,0.028169014084507043,0.0,0.028169014084507043,0.007042253521126761,0.007042253521126761,0.04225352112676056,0.02112676056338028,0.035211267605633804,0.0
"BOY_NYM",0.4638981467704872,0.049090909090909095,0.19606060606060607,0.0,0.2697008547008547,0.10181818181818182,0.4850683595364446,1.0527217345302453,0.0890909090909091,0.1625531914893617,0.33370083816892326,0.06294326241134751,0.007272727272727273,0.6788942617666023,0.25480186480186484,0.23842574683000214,0.0,0.0,0.2927870356593761,0.0036363636363636364,0.7057341830746086,0.3315190365190365,0.21712509712509712,0.19900386847195356,0.44486633933442443,0.4318686868686869,0.02127659574468085,0.0,0.5066783216783217,0.3762174940898345,0.11272727272727273,0.07748871695680205,0.03945841392649903,0.028549323017408125,0.01818181818181818,0.11474747474747474,0.032185686653771764,0.05621212121212121,0.028549323017408125,0.041666666666666664,0.0036363636363636364,0.9645080923804328,1.1847846715931822,0.0,0.0036363636363636364,0.7335990014713418,3.391749491643109,0.02127659574468085,0.21354932301740812,0.048939393939393935,0.11636363636363636,0.0036363636363636364,0.336795615731786,0.08696969696969696,0.15891682785299807,0.26573500967117986,0.18382978723404256,0.007272727272727273,0.17757575757575755,0.04618955512572534,0.6617124601167155,0.0,0.24586247086247087,0.0
"EXETER_SCROOP",0.07692307692307693,0.0,0.07692307692307693,0.0,0.0,0.15384615384615385,0.0,0.0,0.0,0.0,0.0,0.07692307692307693,0.0,0.07692307692307693,0.0,0.23076923076923078,0.0,0.0,0.0,0.0,0.0,0.0,0.0,0.0,0.0,0.0,0.0,0.07692307692307693,0.0,0.0,0.0,0.0,0.0,0.0,0.0,0.0,0.0,0.0,0.0,0.0,0.0,0.0,0.07692307692307693,0.0,0.07692307692307693,0.0,0.38461538461538464,0.0,0.0,0.0,0.0,0.0,0.0,0.0,0.0,0.0,0.0,0.0,0.0,0.0,0.0,0.0,0.0,0.0
"AMBASSADOR_CANTERBURY",0.23845152895250488,0.0,0.12556929082628498,0.0,0.07221860767729343,0.02830188679245283,0.018867924528301886,0.16005204944697463,0.03773584905660377,0.0,0.1727391021470397,0.09108653220559532,0.009433962264150943,0.22608978529603124,0.009433962264150943,0.0,0.14736499674690956,0.0,0.14118412491867274,0.034482758620689655,0.11613532856213403,0.009433962264150943,0.0,0.07221860767729343,0.07221860767729343,0.0,0.0,0.0,0.009433962264150943,0.09726740403383213,0.0,0.0,0.0,0.009433962264150943,0.009433962264150943,0.0,0.018867924528301886,0.0,0.009433962264150943,0.0,0.0,0.3106701366297983,0.21340273259596615,0.0,0.0,0.3106701366297983,0.8477553675992193,0.0,0.009433962264150943,0.043916720884840596,0.0,0.0,0.05660377358490566,0.0,0.034482758620689655,0.03773584905660377,0.0,0.0,0.018867924528301886,0.0,0.05335068314899154,0.0,0.0,0.0
"CANTERBURY_WARWICK",0.42854379863996706,0.07488021902806297,0.32610529013865297,0.01079136690647482,0.19873360202947812,0.2123665813553101,0.06561894866064451,0.40993551495923486,0.1350639062675597,0.011198974762258436,0.6129199850365254,0.08505988603324165,0.10425803738966129,0.7775872221724686,0.2205135575923117,0.08419480185811624,0.0372752106323155,0.0,0.28444385772918795,0.031033882317886355,0.2556954742180666,0.019707805234959522,0.05309061545381197,0.23094941716009115,0.2994873967544054,0.03274579232033194,0.014388489208633094,0.007194244604316547,0.08323744955037882,0.23929992677440992,0.08946944633117832,0.06294326241134751,0.052162493762524464,0.029694240151589682,0.04847418539457394,0.004106776180698152,0.07095303726316049,0.0,0.10670539566304113,0.0070921985815602835,0.02773203812703286,0.5189408432638084,0.6102130358577245,0.01714476326607057,0.025383371925379004,0.6272774006694452,2.6595175353207003,0.035119776519210166,0.057492669745814906,0.07796768745168137,0.03020389403012956,0.032872894641000336,0.40315625433790886,0.0,0.0113010207850147,0.0678655688395421,0.20095559275807345,0.0314312064519474,0.040541138568292855,0.01714476326607057,0.27599698270582923,0.021378641767437114,0.06853797959431428,0.0
"MESSENGER_CONSTABLE",0.1111111111111111,0.0,0.06666666666666667,0.0,0.0,0.0,0.0,0.1111111111111111,0.0,0.0,0.06666666666666667,0.1111111111111111,0.0,0.3833333333333333,0.0,0.0,0.0,0.0,0.0,0.0,0.1111111111111111,0.0,0.0,0.0,0.0,0.0,0.0,0.0,0.0,0.1111111111111111,0.06666666666666667,0.0,0.0,0.0,0.0,0.0,0.0,0.0,0.0,0.0,0.0,0.1111111111111111,0.0,0.0,0.0,0.1111111111111111,0.7388888888888888,0.0,0.0,0.0,0.0,0.0,0.06666666666666667,0.0,0.0,0.0,0.0,0.0,0.0,0.0,0.0,0.0,0.0,0.0
"HERALD_WARWICK",0.0,0.0,0.0,0.0,0.0,0.0,0.0,0.0,0.1111111111111111,0.0,0.0,0.0,0.1111111111111111,0.0,0.0,0.1111111111111111,0.0,0.1111111111111111,0.0,0.1111111111111111,0.0,0.0,0.1111111111111111,0.1111111111111111,0.0,0.0,0.0,0.2222222222222222,0.0,0.0,0.0,0.0,0.0,0.0,0.0,0.0,0.0,0.0,0.0,0.0,0.0,0.0,0.0,0.0,0.0,0.0,0.4444444444444444,0.0,0.0,0.0,0.0,0.0,0.0,0.0,0.0,0.0,0.0,0.0,0.0,0.0,0.0,0.0,0.1111111111111111,0.0
"QUEEN ISABEL_BURGUNDY",0.23008944543828264,0.0,0.13830649970184855,0.0,0.11488372093023255,0.05162790697674419,0.09008944543828265,0.5188312462731067,0.08838401908169351,0.013333333333333334,0.45335718545020876,0.1,0.03658914728682171,0.2865354800238521,0.011627906976744186,0.07488372093023256,0.02666666666666667,0.0,0.14171735241502684,0.0,0.3519856887298748,0.05008944543828265,0.10342277877161599,0.43026833631484795,0.4935241502683363,0.011627906976744186,0.024961240310077522,0.0,0.06512820512820514,0.2784734645199762,0.046511627906976744,0.03829457364341085,0.0,0.03658914728682171,0.13847346451997616,0.0,0.263422778771616,0.024961240310077522,0.048217054263565894,0.0,0.02666666666666667,0.4284078711985689,0.3550745378652355,0.0,0.07505068574836017,0.34497316636851516,1.4932975551580203,0.0,0.03658914728682171,0.0,0.05008944543828265,0.013333333333333334,0.21163983303518188,0.04,0.1001788908765653,0.08838401908169351,0.0,0.0,0.011627906976744186,0.011627906976744186,0.07488372093023256,0.0,0.06325581395348837,0.024961240310077522
"FRENCH KING_WESTMORELAND",0.750120247352331,0.06850459482038429,0.034482758620689655,0.015873015873015872,0.16875522138680032,0.13088229404461532,0.09061903426916043,0.5226248688724895,0.2902473734096947,0.0,0.2423868755151124,0.32448275862068965,0.16374269005847952,0.5108505213130949,0.034482758620689655,0.09613627564847077,0.16580231065468548,0.0,0.32615483199166967,0.0,0.37963751543141566,0.0,0.12510179288985007,0.42666279519938055,0.5087646014391178,0.07702182284980744,0.06896551724137931,0.015873015873015872,0.04,0.40560304602268216,0.06439024390243903,0.0802632597754549,0.10298735344107394,0.024390243902439025,0.06439024390243903,0.0,0.06850459482038429,0.08210180623973727,0.05613627564847077,0.0,0.05035577449370553,0.9044053433274806,0.9319127367057959,0.0,0.1085045948203843,0.9188754687391312,2.649889238093833,0.0,0.2359496442255063,0.15989159891598914,0.0,0.0,0.13361902091927325,0.07474601839614456,0.07702182284980744,0.06850459482038429,0.031746031746031744,0.0,0.10298735344107394,0.015873015873015872,0.18077714611732582,0.0,0.08210180623973727,0.0
"CHORUS_ALL",0.058333333333333334,0.008333333333333333,0.075,0.0,0.041666666666666664,0.10833333333333334,0.016666666666666666,0.008333333333333333,0.058333333333333334,0.03333333333333333,0.0,0.1,0.041666666666666664,0.0,0.041666666666666664,0.06666666666666667,0.008333333333333333,0.008333333333333333,0.008333333333333333,0.016666666666666666,0.016666666666666666,0.016666666666666666,0.016666666666666666,0.008333333333333333,0.0,0.025,0.03333333333333333,0.041666666666666664,0.008333333333333333,0.0,0.03333333333333333,0.0,0.0,0.041666666666666664,0.008333333333333333,0.0,0.0,0.0,0.06666666666666667,0.0,0.0,0.016666666666666666,0.10833333333333334,0.0,0.1,0.008333333333333333,0.31666666666666665,0.008333333333333333,0.008333333333333333,0.008333333333333333,0.0,0.008333333333333333,0.041666666666666664,0.0,0.0,0.008333333333333333,0.0,0.0,0.0,0.016666666666666666,0.05,0.0,0.008333333333333333,0.0
"WILLIAMS_GLOUCESTER",2.193717738054183,0.0,0.3189658607655522,0.014705882352941176,0.836662330678284,0.6409799358112042,0.24364716138171513,2.2210253345838056,0.5755978510807308,0.24257766692904156,1.1313316884652995,0.8471821264390923,0.10446326266403347,1.9693757741345306,0.09761904761904762,0.4159739289545259,0.379004329004329,0.0,0.5653988138778056,0.0,1.2448688020508343,0.1339980385746976,0.05223880597014925,0.6886753077808077,0.9738084655215158,0.4204551774400597,0.0,0.01694915254237288,0.20123901802826744,1.0772655553285366,0.05,0.26068515543084,0.8116126444089923,0.03115942028985507,0.44438385338805086,0.0,0.18609177424148457,0.2462979221539362,0.014492753623188406,0.0,0.13601016655851178,2.2826744973880846,2.095871680253696,0.29944918265813786,0.007462686567164179,3.030380068732466,9.092110927644402,0.02631578947368421,0.2524823170840794,0.45031982942430704,0.13824707469630906,0.007462686567164179,0.7996733803125883,0.08333333333333333,0.6081148686121534,0.6353528028101577,0.33799221599131407,0.19857853589196872,0.34951921066934233,0.15528877352368592,0.9871326464122473,0.0,0.28513315774070824,0.0
"ORLEANS_MESSENGER",0.28330429732868756,0.0,0.2230229120473023,0.024390243902439025,0.20574648928307465,0.17200929152148664,0.14639953542392567,0.5009845845211698,0.19285714285714284,0.14285714285714285,0.3950322035687889,0.0,0.0,0.5436648717136522,0.0,0.32375145180023224,0.0,0.0,0.3146895787139689,0.0,0.45098458452116985,0.024390243902439025,0.16724738675958187,0.07200929152148663,0.09639953542392567,0.18852813852813854,0.0,0.041666666666666664,0.047619047619047616,0.33135624538063563,0.1,0.2749709639953542,0.05,0.0,0.11962833914053425,0.09044715447154472,0.024390243902439025,0.0,0.0,0.0,0.0,0.29936120789779325,0.7180841516207369,0.0,0.0,0.4890507866117622,2.432884595079717,0.047619047619047616,0.047619047619047616,0.0,0.0,0.0,0.18922764227642275,0.05,0.07439024390243903,0.1392857142857143,0.06605691056910569,0.0,0.047619047619047616,0.041666666666666664,0.29625171576391085,0.0,0.024390243902439025,0.0
"BURGUNDY_LORDS",0.9426732598294203,0.032372859020423486,0.1563458827069142,0.0028653295128939827,0.20917689309523121,0.32756396739204763,0.257331561307206,0.9379409100397639,0.025787965616045846,0.10057808052077392,0.5248786976580674,0.13676846341602789,0.07921967001479896,0.535658056789862,0.19281394610907504,0.30065472042549407,0.08862054850593531,0.0,0.09720895680781066,0.011461318051575931,0.4686640259347996,0.06536532951289398,0.18758755173511618,0.3385220849404231,0.36383774349390396,0.32722051375346506,0.04622719952232846,0.0,0.16310351804621145,0.6453459559118584,0.0,0.04490065808117384,0.22805213464239252,0.0385758251087764,0.06581219905002139,0.0028653295128939827,0.04383417707199942,0.019584999527692937,0.02005730659025788,0.0,0.0028653295128939827,1.0534191347228594,0.8177004651933018,0.018518518518518517,0.0742939009414654,1.1518501529246514,3.048305261808127,0.027114507057200466,0.0444283510186089,0.12198736607762396,0.013854340501904972,0.0028653295128939827,0.14849137252432382,0.16485172473711157,0.11850242509268297,0.06808335461630591,0.3126335725189593,0.0057306590257879654,0.3463586437440306,0.04622719952232846,0.3901608672024145,0.0,0.025315658553480905,0.23150488480001374
"GRANDPRE_DAUPHIN",0.09859154929577464,0.0,0.04929577464788732,0.007042253521126761,0.02112676056338028,0.09154929577464789,0.0,0.028169014084507043,0.035211267605633804,0.007042253521126761,0.0,0.11267605633802817,0.04929577464788732,0.007042253521126761,0.028169014084507043,0.09859154929577464,0.014084507042253521,0.06338028169014084,0.007042253521126761,0.035211267605633804,0.0,0.007042253521126761,0.028169014084507043,0.02112676056338028,0.0,0.07746478873239436,0.014084507042253521,0.04929577464788732,0.0,0.0,0.0,0.04225352112676056,0.007042253521126761,0.0,0.007042253521126761,0.0,0.02112676056338028,0.007042253521126761,0.0,0.0,0.007042253521126761,0.035211267605633804,0.04929577464788732,0.0,0.11971830985915492,0.0,0.3591549295774648,0.014084507042253521,0.007042253521126761,0.014084507042253521,0.0,0.007042253521126761,0.0,0.014084507042253521,0.0,0.028169014084507043,0.0,0.028169014084507043,0.007042253521126761,0.007042253521126761,0.04225352112676056,0.02112676056338028,0.035211267605633804,0.0
"MONTJOY_GLOUCESTER",0.9317253732244086,0.009009009009009009,0.13741571856755103,0.0,0.2611610454542392,0.2978812210556493,0.10080561141459461,0.7458480482178471,0.15595299916049432,0.04943224314952063,0.5663019706282313,0.3577852809597092,0.018222615081253828,0.7204083732879545,0.012987012987012988,0.12463269007771625,0.13112589028819394,0.0,0.1828693451730101,0.021996021996022,0.4646864501645433,0.06833838523009093,0.08903708903708904,0.16679367740266057,0.21622530798612363,0.015706806282722512,0.0,0.0,0.020942408376963352,0.5215842196277578,0.009009009009009009,0.07897446640902138,0.30142109199700823,0.03624063309927185,0.08363660995239942,0.010471204188481676,0.13100503100503103,0.009009009009009009,0.05612942785717655,0.009009009009009009,0.05028064713928588,0.932367490758232,0.8512817848034161,0.05263157894736842,0.0,1.1928864186786479,3.0748204077220334,0.005235602094240838,0.09159261790840738,0.17678656422111919,0.014244611103249847,0.024715815291731523,0.09886387373298368,0.014244611103249847,0.18509880513187207,0.24945979895001663,0.05759162303664921,0.021996021996022,0.057867181041609254,0.04042262157445403,0.30177609981963793,0.0,0.049431630583463046,0.0
"BOURBON_RAMBURES",0.11102831594634874,0.01639344262295082,0.07824143070044709,0.0,0.01639344262295082,0.17287630402384502,0.0,0.29284649776453053,0.06184798807749628,0.0,0.3293591654247392,0.0,0.01639344262295082,0.12742175856929955,0.045454545454545456,0.045454545454545456,0.01639344262295082,0.0,0.04918032786885246,0.0,0.21460506706408347,0.0,0.0,0.01639344262295082,0.14008941877794337,0.03278688524590164,0.01639344262295082,0.0,0.0,0.09463487332339791,0.01639344262295082,0.0,0.06184798807749628,0.0,0.0,0.0,0.03278688524590164,0.0,0.01639344262295082,0.0,0.01639344262295082,0.08196721311475409,0.11475409836065574,0.0,0.01639344262295082,0.12742175856929955,0.8353204172876304,0.0,0.0,0.0,0.0,0.0,0.09463487332339791,0.0,0.10730253353204174,0.14008941877794337,0.04918032786885246,0.0,0.04918032786885246,0.045454545454545456,0.04918032786885246,0.07824143070044709,0.12369597615499256,0.0
"FLUELLEN_GOWER",4.4124713250709675,0.2649125108700113,2.232686003634095,0.021052631578947368,1.6646156077997754,0.7630016916593455,0.7712058831135205,7.145670608089286,0.9665196948737893,0.40624406099208754,3.1548332549036107,2.298491635992441,0.1938797877592707,4.87811385926357,0.554577142961898,1.0676531521678143,0.11174242424242424,0.022222222222222223,2.2696518043323457,0.07513810832001629,5.548763649284362,0.13295925292399013,0.01639344262295082,3.3588949610776293,4.084084605212081,1.0529920929745689,0.12844163539403516,0.19418030659611396,0.42656683071695034,5.167890473102848,0.1394101861165169,0.4658761180859864,0.7726750888691332,0.3065310839901004,1.0747575939071379,0.21765927434907956,0.18019819118911812,0.6011409463725166,0.3919765765942427,0.10974135131101924,0.15361310430882197,5.819390883787755,6.123408184646021,0.3335878191856453,0.07777777777777778,6.077086932870743,25.594707834891697,0.07496226361357941,0.4700125555537734,0.8571920383435068,0.4386747763119545,0.00909090909090909,3.465132070029462,0.49080055046494314,1.169001452165471,1.4320490246231845,1.646654545463982,0.11620648614946741,0.7604604771580199,0.18824501834370255,3.281699712020057,0.058823529411764705,0.7199813108011163,0.3212390927000649
"MONTJOY_SALISBURY",0.16951469583048528,0.0,0.05194805194805195,0.0,0.025974025974025976,0.06561859193438141,0.06561859193438141,0.18318523581681476,0.13123718386876282,0.03896103896103896,0.13055365686944634,0.14354066985645933,0.012987012987012988,0.2909090909090909,0.012987012987012988,0.012987012987012988,0.0,0.0,0.03896103896103896,0.012987012987012988,0.0786056049213944,0.05263157894736842,0.025974025974025976,0.10457963089542037,0.10457963089542037,0.0,0.0,0.0,0.0,0.10457963089542037,0.0,0.012987012987012988,0.0,0.012987012987012988,0.06561859193438141,0.0,0.012987012987012988,0.0,0.0,0.0,0.0,0.2221462747778537,0.2351332877648667,0.05263157894736842,0.0,0.19548872180451127,0.9580314422419687,0.0,0.09159261790840738,0.012987012987012988,0.0,0.0,0.03896103896103896,0.0,0.06561859193438141,0.1442241968557758,0.0,0.012987012987012988,0.05263157894736842,0.0,0.09159261790840738,0.0,0.0,0.0
"FRENCH SOLDIER_PISTOL",0.0,0.0,0.0,0.0,0.0,0.0,0.0,0.0,0.1,0.1,0.0,0.0,0.1,0.02857142857142857,0.0,0.0,0.0,0.0,0.02857142857142857,0.0,0.0,0.0,0.0,0.02857142857142857,0.2285714285714286,0.0,0.0,0.0,0.0,0.0,0.0,0.0,0.0,0.0,0.0,0.0,0.0,0.0,0.0,0.0,0.02857142857142857,0.03225806451612903,0.2285714285714286,0.0,0.03225806451612903,0.0,0.1285714285714286,0.0,0.0,0.0,0.0,0.2,0.0,0.0,0.0,0.0,0.0,0.03225806451612903,0.0,0.0,0.02857142857142857,0.1,0.2,0.0
"GRANDPRE_ORLEANS",0.09859154929577464,0.0,0.04929577464788732,0.007042253521126761,0.02112676056338028,0.09154929577464789,0.0,0.028169014084507043,0.035211267605633804,0.007042253521126761,0.0,0.11267605633802817,0.04929577464788732,0.007042253521126761,0.028169014084507043,0.09859154929577464,0.014084507042253521,0.06338028169014084,0.007042253521126761,0.035211267605633804,0.0,0.007042253521126761,0.028169014084507043,0.02112676056338028,0.0,0.07746478873239436,0.014084507042253521,0.04929577464788732,0.0,0.0,0.0,0.04225352112676056,0.007042253521126761,0.0,0.007042253521126761,0.0,0.02112676056338028,0.007042253521126761,0.0,0.0,0.007042253521126761,0.035211267605633804,0.04929577464788732,0.0,0.11971830985915492,0.0,0.3591549295774648,0.014084507042253521,0.007042253521126761,0.014084507042253521,0.0,0.007042253521126761,0.0,0.014084507042253521,0.0,0.028169014084507043,0.0,0.028169014084507043,0.007042253521126761,0.007042253521126761,0.04225352112676056,0.02112676056338028,0.035211267605633804,0.0
"KING HENRY_KATHERINE",3.732493808560948,0.12989604646513767,0.7408081319139159,0.17595766181325465,1.0839731466426303,0.6422321080377094,1.0083051013270983,3.4294590986594007,0.4111948190473269,0.421648396953485,1.6181925944748656,1.1019340527523682,0.2696718308092331,2.8253501470624633,0.6268108526208578,1.6200332047996309,0.5472699983676655,0.0,1.32936258925653,0.01740860460647932,2.3807455740584937,0.5160306826346508,0.15988993888662767,2.2542654265193893,2.481833744960538,0.4029721354675068,0.1470399708572805,0.022884491283985814,0.16007580611174707,1.9677813221521376,0.1640272774202612,0.5390187863433245,1.3000879464693342,0.1905858538136564,0.45715317651357534,0.010506190133646311,0.3901483610071537,0.0983852088560596,0.4195533697001391,0.0,0.0023094688221709007,3.979289542472737,3.5049255498209497,0.09719387755102041,0.5870565736866891,4.816466955203578,14.018970534509192,0.16561184613275282,0.38066487759012035,0.4180806182739996,0.1402840106162822,0.1,1.153339844798056,0.185715139844211,0.9635447673190223,0.8346312261713434,0.6553351136842334,0.07658500238241196,0.3401314052950136,0.13124581087326706,1.974568071965185,0.01278966696213752,0.22756831844114792,0.9392624174493928
"FRENCH KING_QUEEN ISABEL",0.750120247352331,0.06850459482038429,0.034482758620689655,0.015873015873015872,0.16875522138680032,0.13088229404461532,0.09061903426916043,0.5226248688724895,0.2902473734096947,0.0,0.2423868755151124,0.32448275862068965,0.16374269005847952,0.5108505213130949,0.034482758620689655,0.09613627564847077,0.16580231065468548,0.0,0.32615483199166967,0.0,0.37963751543141566,0.0,0.12510179288985007,0.42666279519938055,0.5087646014391178,0.07702182284980744,0.06896551724137931,0.015873015873015872,0.04,0.40560304602268216,0.06439024390243903,0.0802632597754549,0.10298735344107394,0.024390243902439025,0.06439024390243903,0.0,0.06850459482038429,0.08210180623973727,0.05613627564847077,0.0,0.05035577449370553,0.9044053433274806,0.9319127367057959,0.0,0.1085045948203843,0.9188754687391312,2.649889238093833,0.0,0.2359496442255063,0.15989159891598914,0.0,0.0,0.13361902091927325,0.07474601839614456,0.07702182284980744,0.06850459482038429,0.031746031746031744,0.0,0.10298735344107394,0.015873015873015872,0.18077714611732582,0.0,0.08210180623973727,0.0
"HOSTESS_BARDOLPH",0.4905478442063808,0.05242165242165242,0.16675377468060393,0.0,0.3695613329759671,0.23381801125703564,0.32443856956052075,0.974255080962398,0.09532520325203253,0.10847404627892432,0.6877513633611195,0.18672790624010135,0.004878048780487805,0.6193090333334236,0.004878048780487805,0.10608018900701827,0.03076923076923077,0.0,0.353134151304883,0.07630662020905923,0.6509229478741674,0.0,0.00975609756097561,0.1411905168002729,0.24802117485044314,0.2809590815688377,0.02026266416510319,0.09090909090909091,0.42998972572143307,0.35260042577115747,0.07681189632409144,0.10608018900701827,0.15308684089171895,0.004878048780487805,0.16288305190744215,0.0,0.2871795774234799,0.07268431658675562,0.0,0.02026266416510319,0.05242165242165242,0.8632094193069803,1.12114590468249,0.015384615384615385,0.12794612794612795,0.8601091771823479,3.435982423177545,0.02926829268292683,0.17453095684803002,0.03489681050656661,0.10508130081300812,0.02926829268292683,0.3310454450698353,0.10847404627892432,0.07268431658675562,0.11294559099437149,0.27498262803140855,0.024390243902439025,0.28697846868578575,0.0,0.3904248190833557,0.0,0.10683065805017024,0.0
"BARDOLPH_PISTOL",0.7608516483516483,0.038461538461538464,0.40615079365079365,0.0,0.3214285714285714,0.08571428571428572,0.12142857142857143,0.903021978021978,0.0625,0.07692307692307693,0.6847222222222222,0.2741758241758242,0.16263736263736261,1.0638278388278388,0.10096153846153846,0.038461538461538464,0.038461538461538464,0.0,0.2081043956043956,0.0,0.5689560439560439,0.07142857142857142,0.0,0.2598901098901099,0.4850274725274725,0.1607142857142857,0.0,0.10989010989010989,0.1625,0.38228021978021975,0.08846153846153847,0.038461538461538464,0.19285714285714284,0.05,0.0625,0.0,0.19285714285714284,0.18667582417582418,0.05,0.0625,0.05,1.3546703296703297,0.6083791208791209,0.0,0.07142857142857142,1.0822802197802197,3.7352411477411476,0.05,0.038461538461538464,0.0,0.25,0.0,0.44242979242979236,0.0,0.2510989010989011,0.20714285714285713,0.4035714285714285,0.05,0.13571428571428573,0.0,0.20535714285714285,0.0,0.22513736263736261,0.0
"BATES_GLOUCESTER",0.5564726894273924,0.0,0.10439024390243903,0.0,0.10321377331420373,0.15584535226157215,0.0,1.017308154048023,0.11044715447154471,0.41876678628140435,0.26023559616401115,0.08695652173913043,0.12669203418376895,0.6987868515715713,0.0,0.05263157894736842,0.199862765891086,0.0,0.3341610115051211,0.02,0.6697041368313803,0.0,0.0,0.2274467178175618,0.3896134682036011,0.2993236131311373,0.0,0.08695652173913043,0.2816666666666667,0.2834493694782149,0.0,0.0,0.05263157894736842,0.0,0.08786850477200424,0.0,0.0,0.05263157894736842,0.02,0.0,0.0,1.0245390509834564,1.5408457079321096,0.0,0.0,0.659686462741596,3.08535056529728,0.0,0.06166666666666666,0.32371385703357636,0.041666666666666664,0.041666666666666664,0.23483739837398376,0.0,0.22035515618314075,0.21944317315026696,0.4129867351305092,0.041666666666666664,0.21145510835913311,0.0,0.4061352073340359,0.0,0.16216675038603934,0.05263157894736842
"SCROOP_CAMBRIDGE",0.699694421468615,0.037037037037037035,0.0,0.0,0.07987711213517665,0.0,0.0,0.42943630443630443,0.22029225255031706,0.12454212454212454,0.0,0.125,0.03225806451612903,0.2660863628605564,0.037037037037037035,0.03225806451612903,0.0,0.0,0.17216117216117216,0.0,0.3818172568172568,0.0,0.0,0.23087426313232765,0.37709244160857064,0.11396011396011396,0.0,0.0,0.125,0.17216117216117216,0.0,0.03225806451612903,0.423697270471464,0.17511520737327188,0.20146520146520147,0.0,0.0,0.037037037037037035,0.10918114143920596,0.0,0.03225806451612903,0.38517829243635693,0.5074376042117977,0.0,0.0,0.7795715336037917,1.905096695419276,0.0,0.0,0.06451612903225806,0.07692307692307693,0.0,0.06929510155316607,0.0,0.09523809523809523,0.07407407407407407,0.150997150997151,0.06451612903225806,0.0,0.0,0.11396011396011396,0.07692307692307693,0.146218178476243,0.0
"CONSTABLE_BOURBON",0.325,0.0,0.1,0.0,0.05,0.05,0.0,0.175,0.0,0.0,0.2,0.0,0.0,0.1,0.0,0.0,0.325,0.0,0.0,0.0,0.125,0.0,0.0,0.05,0.175,0.0,0.0,0.05,0.0,0.175,0.0,0.0,0.0,0.0,0.0,0.0,0.05,0.0,0.125,0.0,0.0,0.425,0.0,0.0,0.0,0.375,0.775,0.0,0.0,0.0,0.0,0.125,0.125,0.0,0.0,0.05,0.0,0.0,0.0,0.0,0.0,0.0,0.125,0.0
"CHORUS_BEDFORD",0.058333333333333334,0.008333333333333333,0.075,0.0,0.041666666666666664,0.10833333333333334,0.016666666666666666,0.008333333333333333,0.058333333333333334,0.03333333333333333,0.0,0.1,0.041666666666666664,0.0,0.041666666666666664,0.06666666666666667,0.008333333333333333,0.008333333333333333,0.008333333333333333,0.016666666666666666,0.016666666666666666,0.016666666666666666,0.016666666666666666,0.008333333333333333,0.0,0.025,0.03333333333333333,0.041666666666666664,0.008333333333333333,0.0,0.03333333333333333,0.0,0.0,0.041666666666666664,0.008333333333333333,0.0,0.0,0.0,0.06666666666666667,0.0,0.0,0.016666666666666666,0.10833333333333334,0.0,0.1,0.008333333333333333,0.31666666666666665,0.008333333333333333,0.008333333333333333,0.008333333333333333,0.0,0.008333333333333333,0.041666666666666664,0.0,0.0,0.008333333333333333,0.0,0.0,0.0,0.016666666666666666,0.05,0.0,0.008333333333333333,0.0
"KING HENRY_WILLIAMS",3.3919012668112,0.23828545346704313,1.066932812039693,0.008952476572958501,1.5328731579478547,0.974514030510204,0.728283107131898,3.712202569474339,0.36203051710251155,0.4411934625641363,2.2338926016580314,1.4583317488163963,0.3338499165036436,2.656176747639946,0.1276019154345409,0.35801538675176636,0.24436911259200414,0.0,0.6103644872762665,0.028588162172499522,2.304377438808025,0.29243073744252374,0.16546799800028542,1.1252495026977771,1.7794550879401847,0.6379094013700111,0.0066134668544307095,0.49835672620302596,0.5195730655569915,2.014643188979721,0.07554741060851836,0.12604264425475606,0.8311758322705181,0.11293603411648168,0.5584849555082461,0.004016064257028112,0.1680649023477595,0.3939813617630048,0.2736556855658037,0.007202837323319251,0.22993157386818985,4.116294043177039,3.317090819022141,0.0,0.17870189476186038,4.924774424759056,13.11227959790069,0.1444045476552604,0.4172672953562201,0.37226764147812186,0.2095802356618403,0.03709728977887945,1.121226970479541,0.302868859892395,0.7184810134303478,0.8110727092306204,0.8882731209690237,0.06505612788875335,0.3318250770795607,0.20264611923377104,1.0526615143837232,0.0412545116465113,0.6542055852424074,0.02531055900621118
"CAMBRIDGE_BEDFORD",0.34285714285714286,0.022222222222222223,0.05347222222222223,0.0,0.1111111111111111,0.1888888888888889,0.03125,0.5366071428571428,0.0,0.0,0.24236111111111114,0.022222222222222223,0.06666666666666667,0.4005952380952381,0.2095238095238095,0.05347222222222223,0.0,0.0,0.18472222222222223,0.0,0.3942460317460318,0.0,0.0,0.08472222222222223,0.31865079365079363,0.05347222222222223,0.0,0.0,0.09791666666666667,0.2942460317460317,0.06666666666666667,0.03125,0.32063492063492066,0.05347222222222223,0.1,0.0,0.0,0.1,0.07569444444444445,0.0,0.03125,0.18253968253968256,0.551984126984127,0.0,0.0,0.45396825396825397,1.8606150793650795,0.0,0.0,0.1693452380952381,0.0,0.03125,0.10694444444444445,0.0,0.12222222222222223,0.2,0.0,0.0,0.05347222222222223,0.0,0.20694444444444446,0.03125,0.23392857142857143,0.022222222222222223
"EXETER_CAMBRIDGE",0.07692307692307693,0.0,0.07692307692307693,0.0,0.0,0.15384615384615385,0.0,0.0,0.0,0.0,0.0,0.07692307692307693,0.0,0.07692307692307693,0.0,0.23076923076923078,0.0,0.0,0.0,0.0,0.0,0.0,0.0,0.0,0.0,0.0,0.0,0.07692307692307693,0.0,0.0,0.0,0.0,0.0,0.0,0.0,0.0,0.0,0.0,0.0,0.0,0.0,0.0,0.07692307692307693,0.0,0.07692307692307693,0.0,0.38461538461538464,0.0,0.0,0.0,0.0,0.0,0.0,0.0,0.0,0.0,0.0,0.0,0.0,0.0,0.0,0.0,0.0,0.0
"GLOUCESTER_EXETER",0.1,0.0,0.0,0.0,0.0,0.0,0.1,0.4,0.0,0.0,0.0,0.0,0.0,0.2,0.0,0.1,0.0,0.0,0.0,0.0,0.4,0.0,0.1,0.0,0.0,0.0,0.0,0.0,0.0,0.30000000000000004,0.0,0.1,0.0,0.0,0.0,0.0,0.0,0.0,0.0,0.0,0.0,0.1,0.0,0.0,0.0,0.1,0.9,0.0,0.0,0.0,0.0,0.0,0.2,0.1,0.0,0.0,0.0,0.0,0.0,0.0,0.0,0.0,0.0,0.0
"HERALD_GLOUCESTER",0.0,0.0,0.0,0.0,0.0,0.0,0.0,0.0,0.1111111111111111,0.0,0.0,0.0,0.1111111111111111,0.0,0.0,0.1111111111111111,0.0,0.1111111111111111,0.0,0.1111111111111111,0.0,0.0,0.1111111111111111,0.1111111111111111,0.0,0.0,0.0,0.2222222222222222,0.0,0.0,0.0,0.0,0.0,0.0,0.0,0.0,0.0,0.0,0.0,0.0,0.0,0.0,0.0,0.0,0.0,0.0,0.4444444444444444,0.0,0.0,0.0,0.0,0.0,0.0,0.0,0.0,0.0,0.0,0.0,0.0,0.0,0.0,0.0,0.1111111111111111,0.0
"COURT_BEDFORD",0.0,0.0,0.0,0.0,0.16666666666666666,0.0,0.0,0.0,0.08333333333333333,0.0,0.0,0.08333333333333333,0.0,0.0,0.0,0.0,0.0,0.0,0.0,0.08333333333333333,0.0,0.0,0.08333333333333333,0.0,0.0,0.0,0.0,0.08333333333333333,0.08333333333333333,0.0,0.0,0.0,0.0,0.0,0.0,0.0,0.0,0.08333333333333333,0.0,0.0,0.0,0.08333333333333333,0.08333333333333333,0.0,0.16666666666666666,0.0,0.4166666666666667,0.0,0.0,0.0,0.0,0.0,0.0,0.0,0.0,0.0,0.0,0.0,0.0,0.0,0.0,0.0,0.0,0.0
"BARDOLPH_NYM",1.047461334961335,0.038461538461538464,0.40615079365079365,0.0,0.3584656084656085,0.18571428571428572,0.12142857142857143,1.396184371184371,0.10096153846153846,0.07692307692307693,0.7847222222222222,0.4867114367114367,0.2010989010989011,1.2518620268620269,0.10096153846153846,0.07692307692307693,0.038461538461538464,0.0,0.3836029711029711,0.0,0.8569902319902319,0.07142857142857142,0.0,0.5108872608872609,0.7730616605616606,0.1607142857142857,0.0,0.24835164835164836,0.3662037037037037,0.5948158323158323,0.12692307692307692,0.038461538461538464,0.19285714285714284,0.05,0.0625,0.038461538461538464,0.19285714285714284,0.18667582417582418,0.05,0.0625,0.05,2.0589438339438337,0.8964133089133088,0.0,0.14692714692714692,1.4059269434269432,4.964300976800977,0.05,0.150997150997151,0.0,0.25,0.0,0.4808913308913309,0.0,0.28956043956043953,0.3456043956043956,0.5146825396825396,0.05,0.13571428571428573,0.0,0.4193172568172568,0.0,0.26217439967439965,0.0
"ELY_BEDFORD",0.10909090909090909,0.0,0.05454545454545454,0.0,0.03636363636363636,0.09090909090909091,0.0,0.0,0.01818181818181818,0.0,0.0,0.09090909090909091,0.01818181818181818,0.01818181818181818,0.07272727272727272,0.12727272727272726,0.0,0.05454545454545454,0.0,0.01818181818181818,0.0,0.0,0.01818181818181818,0.0,0.0,0.05454545454545454,0.01818181818181818,0.01818181818181818,0.0,0.0,0.01818181818181818,0.05454545454545454,0.01818181818181818,0.0,0.0,0.0,0.0,0.0,0.0,0.0,0.01818181818181818,0.01818181818181818,0.09090909090909091,0.0,0.14545454545454545,0.0,0.38181818181818183,0.0,0.0,0.01818181818181818,0.0,0.0,0.0,0.0,0.0,0.01818181818181818,0.0,0.0,0.0,0.0,0.05454545454545454,0.0,0.0,0.0
"GLOUCESTER_WARWICK",0.1,0.0,0.0,0.0,0.0,0.1,0.0,0.1,0.2,0.0,0.0,0.0,0.0,0.0,0.0,0.2,0.0,0.1,0.0,0.1,0.0,0.0,0.2,0.0,0.0,0.1,0.0,0.0,0.0,0.0,0.0,0.1,0.0,0.0,0.0,0.0,0.0,0.0,0.0,0.0,0.0,0.0,0.0,0.0,0.1,0.0,0.5,0.0,0.0,0.0,0.0,0.0,0.0,0.1,0.0,0.0,0.0,0.0,0.0,0.0,0.0,0.0,0.0,0.0
"EXETER_BRITAINE",0.436393389808024,0.054814814814814816,0.25264199215418726,0.007407407407407408,0.2276743671865623,0.22226783153612423,0.06102046102046102,0.24446585934390816,0.10751378702598216,0.04278684278684279,0.5443588480173847,0.12626231040865188,0.028656483534532318,0.49513534342802634,0.01960252935862692,0.07982387982387983,0.13515151515151513,0.0,0.17333301747935895,0.0,0.17137598625403502,0.020227920227920228,0.0,0.08842616281640672,0.20511304413743436,0.06842786842786844,0.007407407407407408,0.007407407407407408,0.027972027972027972,0.1150841750841751,0.01282051282051282,0.04245014245014245,0.020227920227920228,0.04216145191754948,0.1479696274818226,0.029966329966329967,0.06170491658296536,0.05196650684455563,0.1621590514273441,0.0,0.007407407407407408,0.7244148173416466,0.5902910278520035,0.0,0.027635327635327635,0.6640677569945862,1.9771705800974093,0.01282051282051282,0.092362271874467,0.1104701802262778,0.007407407407407408,0.04347129834934713,0.22801972192216094,0.015151515151515152,0.07144332632137511,0.09629181116985996,0.28744404646843674,0.013504968383017164,0.043933708567854904,0.0,0.19208154086202867,0.021249076127124907,0.11668688132102767,0.020227920227920228
"GREY_EXETER",0.3530197941962648,0.038461538461538464,0.06548856548856549,0.0,0.10395010395010396,0.02702702702702703,0.09728506787330317,0.1898006603888957,0.11287758346581876,0.058823529411764705,0.09251559251559252,0.058823529411764705,0.038461538461538464,0.25528922587746117,0.08585055643879173,0.1831356243120949,0.0,0.0,0.07692307692307693,0.058823529411764705,0.13097713097713098,0.0,0.038461538461538464,0.1513391219273572,0.2708817414699768,0.11287758346581876,0.0,0.038461538461538464,0.06548856548856549,0.1243120949003302,0.0,0.06548856548856549,0.1969111969111969,0.038461538461538464,0.08585055643879173,0.058823529411764705,0.0,0.09251559251559252,0.038461538461538464,0.02702702702702703,0.0,0.330316742081448,0.3796013207777914,0.0,0.038461538461538464,0.45696989814636874,1.2587920823214942,0.0,0.058823529411764705,0.02702702702702703,0.0,0.0,0.11287758346581876,0.0,0.0,0.0,0.058823529411764705,0.0,0.02702702702702703,0.058823529411764705,0.16277363336186867,0.0,0.11954261954261955,0.0
"MACMORRIS_BARDOLPH",0.3506792440296277,0.0,0.23515129371906865,0.0,0.03116883116883117,0.04935064935064935,0.05714285714285714,0.3031620553359684,0.00909090909090909,0.0,0.284501943069718,0.043478260869565216,0.0,0.215527950310559,0.012987012987012988,0.15256916996047432,0.02727272727272727,0.0,0.20122230710466005,0.0,0.23370976849237718,0.012987012987012988,0.0,0.10903444381705252,0.21828810575613644,0.043478260869565216,0.0,0.0,0.08311688311688312,0.15838509316770186,0.0,0.08763410502540937,0.27992825588733516,0.00909090909090909,0.0,0.0,0.0,0.08198093466635666,0.00909090909090909,0.0,0.0,0.15838509316770186,0.3628259208821869,0.0,0.0,0.38184807519845887,1.4470820739362937,0.04415584415584416,0.00909090909090909,0.043478260869565216,0.043478260869565216,0.0,0.23301225628591357,0.0,0.043478260869565216,0.11101072840203274,0.0,0.0,0.07075098814229248,0.06493506493506493,0.31934766001262166,0.02727272727272727,0.10925366193908392,0.0
"COURT_KING HENRY",0.0,0.0,0.0,0.0,0.16666666666666666,0.0,0.0,0.0,0.08333333333333333,0.0,0.0,0.08333333333333333,0.0,0.0,0.0,0.0,0.0,0.0,0.0,0.08333333333333333,0.0,0.0,0.08333333333333333,0.0,0.0,0.0,0.0,0.08333333333333333,0.08333333333333333,0.0,0.0,0.0,0.0,0.0,0.0,0.0,0.0,0.08333333333333333,0.0,0.0,0.0,0.08333333333333333,0.08333333333333333,0.0,0.16666666666666666,0.0,0.4166666666666667,0.0,0.0,0.0,0.0,0.0,0.0,0.0,0.0,0.0,0.0,0.0,0.0,0.0,0.0,0.0,0.0,0.0
"EXETER_GOWER",0.20202020202020202,0.0,0.0,0.0,0.029411764705882353,0.029411764705882353,0.0,0.31313131313131315,0.029411764705882353,0.14052287581699346,0.23143196672608438,0.1111111111111111,0.0,0.3196672608437314,0.029411764705882353,0.0,0.0,0.0,0.19934640522875818,0.0,0.1111111111111111,0.0,0.0,0.3333333333333333,0.3333333333333333,0.0,0.0,0.0,0.0,0.20202020202020202,0.058823529411764705,0.0,0.09090909090909091,0.0,0.0,0.0,0.20202020202020202,0.0,0.0,0.0,0.0,0.16993464052287582,0.33986928104575165,0.0,0.029411764705882353,0.23143196672608438,1.131610219845514,0.0,0.1111111111111111,0.0,0.029411764705882353,0.0,0.3223410576351753,0.0,0.1111111111111111,0.0,0.0,0.0,0.0,0.0,0.08823529411764706,0.0,0.0,0.0
"JAMY_MACMORRIS",0.10587686567164178,0.0,0.0,0.0,0.10110074626865673,0.13992537313432835,0.19485074626865673,0.22190298507462689,0.014925373134328358,0.0,0.15485074626865672,0.04617537313432836,0.0,0.13712686567164178,0.0,0.014925373134328358,0.0,0.0,0.07742537313432836,0.03125,0.1771268656716418,0.17992537313432835,0.014925373134328358,0.0,0.05492537313432836,0.029850746268656716,0.03125,0.0,0.014925373134328358,0.09970149253731343,0.0,0.014925373134328358,0.04477611940298507,0.029850746268656716,0.13712686567164178,0.0,0.014925373134328358,0.0,0.0,0.0,0.014925373134328358,0.21595149253731344,0.21455223880597013,0.0,0.0,0.2069776119402985,0.6271082089552239,0.0,0.0,0.014925373134328358,0.0,0.0,0.08477611940298507,0.014925373134328358,0.07602611940298507,0.0,0.0,0.014925373134328358,0.0,0.0,0.13712686567164178,0.0,0.05492537313432836,0.0
"KATHERINE_WESTMORELAND",0.4420995670995671,0.0,0.023809523809523808,0.09090909090909091,0.3170995670995671,0.09090909090909091,0.08333333333333333,1.6701839826839828,0.0625,0.0,0.023809523809523808,0.0,0.0,0.23674242424242423,0.0,0.08333333333333333,0.0,0.0,0.0,0.0,1.2951839826839828,0.08333333333333333,0.0,0.413961038961039,0.5806277056277057,0.16666666666666666,0.0,0.0,0.0,1.4959415584415583,0.0,0.0,0.4420995670995671,0.0,0.08333333333333333,0.0,0.0,0.16666666666666666,0.0,0.0,0.0,0.6742424242424242,0.5416666666666666,0.125,0.0,0.7591991341991342,2.871482683982684,0.0,0.0,0.29166666666666663,0.0,0.0,0.08333333333333333,0.0,0.17424242424242425,0.26785714285714285,0.0,0.0,0.7337662337662337,0.0,0.23376623376623376,0.0,0.16666666666666666,0.08333333333333333
"MONTJOY_GOWER",0.7622106773939235,0.009009009009009009,0.08546766661949909,0.0,0.2351870194802132,0.23226262912126788,0.035187019480213196,0.5626628124010323,0.024715815291731523,0.010471204188481676,0.435748313758785,0.21424461110324985,0.005235602094240838,0.42949928237886353,0.0,0.11164567709070328,0.13112589028819394,0.0,0.14390830621197115,0.009009009009009009,0.3860808452431489,0.015706806282722512,0.06306306306306306,0.062214046507240224,0.11164567709070328,0.015706806282722512,0.0,0.0,0.020942408376963352,0.4170045887323374,0.009009009009009009,0.0659874534220084,0.30142109199700823,0.023253620112258858,0.018018018018018018,0.010471204188481676,0.11801801801801802,0.009009009009009009,0.05612942785717655,0.009009009009009009,0.05028064713928588,0.7102212159803782,0.6161484970385493,0.0,0.0,0.9973976968741367,2.1167889654800653,0.005235602094240838,0.0,0.1637995512341062,0.014244611103249847,0.024715815291731523,0.05990283477194472,0.014244611103249847,0.11948021319749069,0.10523560209424085,0.05759162303664921,0.009009009009009009,0.005235602094240838,0.04042262157445403,0.2101834819112306,0.0,0.049431630583463046,0.0
"CAMBRIDGE_KING HENRY",0.34285714285714286,0.022222222222222223,0.05347222222222223,0.0,0.1111111111111111,0.1888888888888889,0.03125,0.5366071428571428,0.0,0.0,0.24236111111111114,0.022222222222222223,0.06666666666666667,0.4005952380952381,0.2095238095238095,0.05347222222222223,0.0,0.0,0.18472222222222223,0.0,0.3942460317460318,0.0,0.0,0.08472222222222223,0.31865079365079363,0.05347222222222223,0.0,0.0,0.09791666666666667,0.2942460317460317,0.06666666666666667,0.03125,0.32063492063492066,0.05347222222222223,0.1,0.0,0.0,0.1,0.07569444444444445,0.0,0.03125,0.18253968253968256,0.551984126984127,0.0,0.0,0.45396825396825397,1.8606150793650795,0.0,0.0,0.1693452380952381,0.0,0.03125,0.10694444444444445,0.0,0.12222222222222223,0.2,0.0,0.0,0.05347222222222223,0.0,0.20694444444444446,0.03125,0.23392857142857143,0.022222222222222223
"WARWICK_GOWER",0.0,0.0,0.0,0.0,0.1,0.0,0.0,0.0,0.1,0.0,0.0,0.2,0.0,0.0,0.0,0.0,0.0,0.0,0.0,0.1,0.1,0.0,0.1,0.0,0.0,0.0,0.0,0.1,0.0,0.0,0.0,0.0,0.0,0.0,0.0,0.0,0.0,0.0,0.0,0.0,0.0,0.2,0.2,0.0,0.1,0.0,0.5,0.0,0.0,0.0,0.0,0.0,0.0,0.0,0.0,0.3,0.0,0.0,0.0,0.0,0.1,0.0,0.0,0.0
"YORK_ERPINGHAM",0.06666666666666667,0.0,0.06666666666666667,0.0,0.0,0.0,0.0,0.0,0.0,0.06666666666666667,0.0,0.13333333333333333,0.0,0.0,0.0,0.13333333333333333,0.06666666666666667,0.06666666666666667,0.0,0.0,0.06666666666666667,0.0,0.0,0.0,0.0,0.0,0.0,0.06666666666666667,0.0,0.0,0.0,0.06666666666666667,0.06666666666666667,0.06666666666666667,0.06666666666666667,0.0,0.06666666666666667,0.0,0.06666666666666667,0.0,0.0,0.0,0.13333333333333333,0.0,0.06666666666666667,0.0,0.3333333333333333,0.0,0.0,0.0,0.0,0.0,0.0,0.0,0.0,0.0,0.0,0.0,0.0,0.0,0.0,0.0,0.0,0.0
"CHORUS_FRENCH KING",0.058333333333333334,0.008333333333333333,0.075,0.0,0.041666666666666664,0.10833333333333334,0.016666666666666666,0.008333333333333333,0.058333333333333334,0.03333333333333333,0.0,0.1,0.041666666666666664,0.0,0.041666666666666664,0.06666666666666667,0.008333333333333333,0.008333333333333333,0.008333333333333333,0.016666666666666666,0.016666666666666666,0.016666666666666666,0.016666666666666666,0.008333333333333333,0.0,0.025,0.03333333333333333,0.041666666666666664,0.008333333333333333,0.0,0.03333333333333333,0.0,0.0,0.041666666666666664,0.008333333333333333,0.0,0.0,0.0,0.06666666666666667,0.0,0.0,0.016666666666666666,0.10833333333333334,0.0,0.1,0.008333333333333333,0.31666666666666665,0.008333333333333333,0.008333333333333333,0.008333333333333333,0.0,0.008333333333333333,0.041666666666666664,0.0,0.0,0.008333333333333333,0.0,0.0,0.0,0.016666666666666666,0.05,0.0,0.008333333333333333,0.0
"EXETER_MONTJOY",0.20202020202020202,0.0,0.0,0.0,0.0,0.0,0.0,0.31313131313131315,0.0,0.1111111111111111,0.20202020202020202,0.1111111111111111,0.0,0.20202020202020202,0.0,0.0,0.0,0.0,0.1111111111111111,0.0,0.1111111111111111,0.0,0.0,0.0,0.0,0.0,0.0,0.0,0.0,0.20202020202020202,0.0,0.0,0.09090909090909091,0.0,0.0,0.0,0.20202020202020202,0.0,0.0,0.0,0.0,0.1111111111111111,0.2222222222222222,0.0,0.0,0.20202020202020202,0.8080808080808081,0.0,0.1111111111111111,0.0,0.0,0.0,0.29292929292929293,0.0,0.1111111111111111,0.0,0.0,0.0,0.0,0.0,0.0,0.0,0.0,0.0
"DAUPHIN_FRENCH KING",0.6034637262493487,0.07611336032388663,0.24993382624961571,0.016666666666666666,0.12358052730324873,0.25872141308598307,0.051648351648351645,0.4474975744552125,0.07446292446292446,0.07185741088180113,0.6254258561062156,0.017543859649122806,0.0,0.8316573976394259,0.02857142857142857,0.1593695777906304,0.13775368775368776,0.0,0.41670810945522113,0.015384615384615385,0.3636919064390181,0.04395604395604395,0.12577389419494683,0.13878928089454404,0.4718798098130576,0.1060679371975906,0.0,0.0,0.0474671669793621,0.3316841196173673,0.0,0.08889531521110468,0.10822718146209802,0.02702702702702703,0.08937000098745926,0.0,0.06677061677061677,0.20002683423736053,0.060622710622710616,0.02857142857142857,0.015384615384615385,0.6624047314676326,0.744669664374414,0.0,0.059109578621773746,0.7270442535525976,3.0328481671870633,0.0,0.007692307692307693,0.06626180836707152,0.0,0.06892986103512419,0.3400116779449257,0.007692307692307693,0.06065398016617529,0.2954255875308507,0.2308317698561601,0.04611528822055137,0.09703103913630229,0.02435897435897436,0.5147384416960796,0.03205128205128205,0.33309052891851354,0.04611528822055137
"WESTMORELAND_WARWICK",0.32728778467908903,0.0,0.25490683229813665,0.0,0.0,0.15076604554865425,0.02,0.17523809523809525,0.13076604554865423,0.0,0.40567287784679085,0.0,0.023809523809523808,0.36219461697722566,0.0,0.08761904761904762,0.1,0.0,0.2749068322981366,0.0,0.10761904761904761,0.02,0.06728778467908902,0.047619047619047616,0.06761904761904762,0.0,0.0,0.0,0.0,0.13142857142857142,0.06347826086956522,0.047619047619047616,0.1,0.0,0.023809523809523808,0.04,0.0,0.02,0.08695652173913043,0.02,0.0,0.39076604554865424,0.5009109730848861,0.0,0.043478260869565216,0.32728778467908903,1.421159420289855,0.0,0.13076604554865423,0.047619047619047616,0.0,0.0,0.12380952380952381,0.0,0.023809523809523808,0.0838095238095238,0.06,0.023809523809523808,0.023809523809523808,0.0,0.23838509316770184,0.0,0.02,0.0
"GOWER_NYM",0.27519779841761266,0.0,0.2777777777777778,0.0,0.3468253968253968,0.11145510835913312,0.21929824561403508,0.8349722345078383,0.2222222222222222,0.21637426900584794,0.5490073222271364,0.27519779841761266,0.0,0.3007518796992481,0.03571428571428571,0.0,0.0,0.0,0.39891395154553044,0.0,0.45208855472013365,0.21929824561403508,0.0,0.03571428571428571,0.1468253968253968,0.0,0.0,0.0,0.058823529411764705,0.3597744360902255,0.0,0.0,0.0,0.0,0.0,0.0,0.12406015037593984,0.0,0.058823529411764705,0.0,0.0,0.43497223450783823,0.8510025062656641,0.0,0.0,0.6220231952430095,2.255459727750749,0.0,0.08834586466165413,0.2,0.0,0.0,0.492407489311514,0.0,0.21637426900584794,0.09453781512605042,0.0,0.0,0.0,0.0,0.07142857142857142,0.0,0.1111111111111111,0.0
"EXETER_CANTERBURY",0.2213203463203463,0.025974025974025976,0.12987012987012986,0.0,0.08062770562770563,0.05465367965367965,0.025974025974025976,0.31493506493506496,0.05465367965367965,0.09632034632034632,0.22348484848484848,0.041666666666666664,0.0,0.17424242424242425,0.0,0.06764069264069264,0.012987012987012988,0.0,0.11958874458874458,0.012987012987012988,0.288961038961039,0.012987012987012988,0.0,0.19264069264069264,0.25757575757575757,0.012987012987012988,0.025974025974025976,0.0,0.20833333333333331,0.05194805194805195,0.012987012987012988,0.06764069264069264,0.16666666666666666,0.025974025974025976,0.012987012987012988,0.0,0.025974025974025976,0.025974025974025976,0.041666666666666664,0.0,0.0,0.288961038961039,0.3225108225108225,0.0,0.041666666666666664,0.30194805194805197,1.2673160173160174,0.012987012987012988,0.06764069264069264,0.0,0.0,0.025974025974025976,0.31493506493506496,0.0,0.05465367965367965,0.012987012987012988,0.0,0.0,0.0,0.0,0.11958874458874458,0.0,0.06493506493506493,0.0
"QUEEN ISABEL_FRENCH KING",0.23008944543828264,0.0,0.13830649970184855,0.0,0.11488372093023255,0.05162790697674419,0.09008944543828265,0.5188312462731067,0.08838401908169351,0.013333333333333334,0.45335718545020876,0.1,0.03658914728682171,0.2865354800238521,0.011627906976744186,0.07488372093023256,0.02666666666666667,0.0,0.14171735241502684,0.0,0.3519856887298748,0.05008944543828265,0.10342277877161599,0.43026833631484795,0.4935241502683363,0.011627906976744186,0.024961240310077522,0.0,0.06512820512820514,0.2784734645199762,0.046511627906976744,0.03829457364341085,0.0,0.03658914728682171,0.13847346451997616,0.0,0.263422778771616,0.024961240310077522,0.048217054263565894,0.0,0.02666666666666667,0.4284078711985689,0.3550745378652355,0.0,0.07505068574836017,0.34497316636851516,1.4932975551580203,0.0,0.03658914728682171,0.0,0.05008944543828265,0.013333333333333334,0.21163983303518188,0.04,0.1001788908765653,0.08838401908169351,0.0,0.0,0.011627906976744186,0.011627906976744186,0.07488372093023256,0.0,0.06325581395348837,0.024961240310077522
"BOY_FRENCH SOLDIER",0.3794894130259984,0.0,0.04878048780487805,0.0,0.024390243902439025,0.0,0.14939024390243902,0.43864692218350754,0.024390243902439025,0.0,0.08724202626641651,0.09581881533101044,0.0,0.2957607433217189,0.03571428571428571,0.08449477351916376,0.0,0.0,0.24221835075493614,0.0,0.26309523809523805,0.125,0.0,0.3400678131205275,0.3400678131205275,0.06666666666666667,0.0,0.0,0.0,0.4029326364692218,0.12020905923344948,0.04878048780487805,0.038461538461538464,0.03225806451612903,0.024390243902439025,0.0,0.038461538461538464,0.0,0.03571428571428571,0.0,0.0,0.9821709565021917,0.5850464576074332,0.0,0.03225806451612903,0.4038796569284374,1.7122768262422077,0.024390243902439025,0.0,0.0910569105691057,0.03571428571428571,0.0,0.3204471112417611,0.0,0.03571428571428571,0.0,0.365418118466899,0.03225806451612903,0.06666666666666667,0.03571428571428571,0.24221835075493614,0.0,0.0,0.0
"WESTMORELAND_LORDS",0.043478260869565216,0.0,0.043478260869565216,0.0,0.0,0.08695652173913043,0.0,0.0,0.0,0.08695652173913043,0.0,0.13043478260869565,0.0,0.0,0.043478260869565216,0.08695652173913043,0.0,0.0,0.0,0.0,0.0,0.0,0.0,0.0,0.0,0.043478260869565216,0.0,0.0,0.0,0.0,0.0,0.0,0.0,0.0,0.0,0.0,0.0,0.0,0.08695652173913043,0.0,0.0,0.08695652173913043,0.13043478260869565,0.0,0.043478260869565216,0.043478260869565216,0.34782608695652173,0.0,0.08695652173913043,0.0,0.0,0.0,0.0,0.0,0.0,0.0,0.043478260869565216,0.0,0.0,0.0,0.08695652173913043,0.0,0.0,0.0
"SCROOP_EXETER",0.699694421468615,0.037037037037037035,0.0,0.0,0.07987711213517665,0.0,0.0,0.42943630443630443,0.22029225255031706,0.12454212454212454,0.0,0.125,0.03225806451612903,0.2660863628605564,0.037037037037037035,0.03225806451612903,0.0,0.0,0.17216117216117216,0.0,0.3818172568172568,0.0,0.0,0.23087426313232765,0.37709244160857064,0.11396011396011396,0.0,0.0,0.125,0.17216117216117216,0.0,0.03225806451612903,0.423697270471464,0.17511520737327188,0.20146520146520147,0.0,0.0,0.037037037037037035,0.10918114143920596,0.0,0.03225806451612903,0.38517829243635693,0.5074376042117977,0.0,0.0,0.7795715336037917,1.905096695419276,0.0,0.0,0.06451612903225806,0.07692307692307693,0.0,0.06929510155316607,0.0,0.09523809523809523,0.07407407407407407,0.150997150997151,0.06451612903225806,0.0,0.0,0.11396011396011396,0.07692307692307693,0.146218178476243,0.0
"YORK_EXETER",0.06666666666666667,0.0,0.06666666666666667,0.0,0.0,0.0,0.0,0.0,0.0,0.06666666666666667,0.0,0.13333333333333333,0.0,0.0,0.0,0.13333333333333333,0.06666666666666667,0.06666666666666667,0.0,0.0,0.06666666666666667,0.0,0.0,0.0,0.0,0.0,0.0,0.06666666666666667,0.0,0.0,0.0,0.06666666666666667,0.06666666666666667,0.06666666666666667,0.06666666666666667,0.0,0.06666666666666667,0.0,0.06666666666666667,0.0,0.0,0.0,0.13333333333333333,0.0,0.06666666666666667,0.0,0.3333333333333333,0.0,0.0,0.0,0.0,0.0,0.0,0.0,0.0,0.0,0.0,0.0,0.0,0.0,0.0,0.0,0.0,0.0
"SCROOP_GREY",0.699694421468615,0.037037037037037035,0.0,0.0,0.07987711213517665,0.0,0.0,0.42943630443630443,0.22029225255031706,0.12454212454212454,0.0,0.125,0.03225806451612903,0.2660863628605564,0.037037037037037035,0.03225806451612903,0.0,0.0,0.17216117216117216,0.0,0.3818172568172568,0.0,0.0,0.23087426313232765,0.37709244160857064,0.11396011396011396,0.0,0.0,0.125,0.17216117216117216,0.0,0.03225806451612903,0.423697270471464,0.17511520737327188,0.20146520146520147,0.0,0.0,0.037037037037037035,0.10918114143920596,0.0,0.03225806451612903,0.38517829243635693,0.5074376042117977,0.0,0.0,0.7795715336037917,1.905096695419276,0.0,0.0,0.06451612903225806,0.07692307692307693,0.0,0.06929510155316607,0.0,0.09523809523809523,0.07407407407407407,0.150997150997151,0.06451612903225806,0.0,0.0,0.11396011396011396,0.07692307692307693,0.146218178476243,0.0
"ERPINGHAM_FLUELLEN",0.1984126984126984,0.0,0.0,0.0,0.0,0.0,0.0,0.14285714285714285,0.0,0.0,0.0,0.05555555555555555,0.0,0.16666666666666666,0.1984126984126984,0.0,0.0,0.0,0.0,0.0,0.14285714285714285,0.0,0.0,0.0,0.05555555555555555,0.0,0.0,0.0,0.0,0.0,0.0,0.0,0.14285714285714285,0.0,0.0,0.0,0.0,0.05555555555555555,0.0,0.0,0.0,0.05555555555555555,0.05555555555555555,0.0,0.0,0.1984126984126984,0.5079365079365079,0.0,0.0,0.05555555555555555,0.0,0.0,0.0,0.0,0.14285714285714285,0.0,0.0,0.0,0.0,0.0,0.0,0.0,0.05555555555555555,0.0
"FLUELLEN_ERPINGHAM",0.399537037037037,0.009259259259259259,0.037037037037037035,0.0,0.18796296296296297,0.03009259259259259,0.03009259259259259,0.2875,0.009259259259259259,0.03009259259259259,0.06712962962962962,0.37870370370370365,0.0,0.12037037037037036,0.1,0.05092592592592592,0.020833333333333332,0.0,0.250462962962963,0.0,0.21805555555555556,0.009259259259259259,0.0,0.018518518518518517,0.11805555555555555,0.027777777777777776,0.0,0.0,0.009259259259259259,0.12962962962962962,0.0,0.041666666666666664,0.0,0.0,0.009259259259259259,0.0,0.0,0.048611111111111105,0.0,0.041666666666666664,0.0,0.4597222222222222,0.375462962962963,0.0,0.0,0.5875,1.5074074074074075,0.0,0.009259259259259259,0.048611111111111105,0.0,0.0,0.2361111111111111,0.020833333333333332,0.13935185185185184,0.05092592592592592,0.0,0.0,0.018518518518518517,0.009259259259259259,0.2875,0.0,0.09953703703703703,0.041666666666666664
"GLOUCESTER_FLUELLEN",0.30000000000000004,0.0,0.1,0.0,0.0,0.1,0.1,0.5,0.0,0.1,0.3,0.0,0.0,0.30000000000000004,0.0,0.1,0.1,0.0,0.1,0.0,0.30000000000000004,0.0,0.2,0.1,0.1,0.1,0.0,0.0,0.0,0.30000000000000004,0.0,0.1,0.0,0.0,0.1,0.0,0.1,0.0,0.0,0.0,0.0,0.30000000000000004,0.3,0.0,0.0,0.30000000000000004,1.1,0.0,0.0,0.0,0.0,0.0,0.0,0.1,0.1,0.1,0.0,0.0,0.1,0.0,0.0,0.0,0.0,0.0
"PISTOL_KING HENRY",1.5640880432440536,0.0,0.0,0.0,0.0,0.2786037491919845,0.0,0.2870680044593088,0.021739130434782608,0.0,0.2786037491919845,0.9758330757051983,0.0,0.5892224782889744,0.0,0.13043478260869565,0.0,0.0,0.10230179028132992,0.19457013574660634,0.2653288740245262,0.0,0.0,0.47078005115089516,0.47078005115089516,0.0,0.0,0.2,0.0,0.21014492753623187,0.0,0.06521739130434782,0.13574660633484165,0.058823529411764705,0.021739130434782608,0.0,0.0,0.0,0.0,0.0,0.0,2.0404094413685203,0.3893697947406387,0.0,0.021739130434782608,1.5640880432440536,3.1891606475366063,0.0,0.0,0.0,0.125,0.0,0.580546265328874,0.0,0.07692307692307693,0.07692307692307693,0.4525083612040134,0.0,0.0,0.021739130434782608,0.3701589331384728,0.0,0.0,0.043478260869565216
"HERALD_GOWER",0.0,0.0,0.0,0.0,0.0,0.0,0.0,0.0,0.1111111111111111,0.0,0.0,0.0,0.1111111111111111,0.0,0.0,0.1111111111111111,0.0,0.1111111111111111,0.0,0.1111111111111111,0.0,0.0,0.1111111111111111,0.1111111111111111,0.0,0.0,0.0,0.2222222222222222,0.0,0.0,0.0,0.0,0.0,0.0,0.0,0.0,0.0,0.0,0.0,0.0,0.0,0.0,0.0,0.0,0.0,0.0,0.4444444444444444,0.0,0.0,0.0,0.0,0.0,0.0,0.0,0.0,0.0,0.0,0.0,0.0,0.0,0.0,0.0,0.1111111111111111,0.0
"GLOUCESTER_BEDFORD",0.16666666666666666,0.0,0.0,0.0,0.0,0.0,0.0,0.3666666666666667,0.0,0.0,0.0,0.0,0.0,0.0,0.0,0.0,0.0,0.0,0.0,0.0,0.3666666666666667,0.0,0.0,0.0,0.0,0.0,0.0,0.0,0.0,0.2,0.0,0.0,0.16666666666666666,0.0,0.0,0.0,0.0,0.0,0.0,0.0,0.0,0.0,0.0,0.0,0.0,0.16666666666666666,0.7333333333333334,0.0,0.0,0.0,0.0,0.0,0.2,0.0,0.16666666666666666,0.0,0.0,0.0,0.0,0.0,0.0,0.0,0.0,0.0
"PISTOL_FLUELLEN",1.1775426952371923,0.0,0.25998614499563266,0.0,0.23697478991596638,0.19019607843137254,0.2712034072565382,0.928031466741144,0.18382352941176472,0.010752688172043012,0.4716875997710912,0.8501180694729082,0.16666666666666666,1.3158473050788042,0.18063685805621288,0.3968856359748201,0.0,0.0,0.472518010136606,0.04402277039848197,0.5830599297392466,0.0608294930875576,0.011764705882352941,0.37192692088327767,1.1506013591402586,0.033270082226438964,0.0,0.09090909090909091,0.022517394054395953,0.5121020451191229,0.0,0.07259419896991054,0.15840185536580223,0.1111111111111111,0.08235294117647059,0.24990512333965845,0.021505376344086023,0.6247393158209098,0.1111111111111111,0.2445189219382768,0.20838528959971087,1.18008771049568,0.8787956824958723,0.05555555555555555,0.0,1.4145174851531588,4.652705026424193,0.022517394054395953,0.135752688172043,0.0,0.037779715199070044,0.010752688172043012,0.3951883979398211,0.1285714285714286,0.28099756031444834,0.10261437908496732,0.16801075268817206,0.03225806451612903,0.021505376344086023,0.05108882262582452,0.6274199709209197,0.08739495798319327,0.778674438256981,0.05555555555555555
"KING HENRY_ALICE",3.732493808560948,0.12989604646513767,0.7408081319139159,0.17595766181325465,1.0839731466426303,0.6422321080377094,1.0083051013270983,3.4294590986594007,0.4111948190473269,0.421648396953485,1.6181925944748656,1.1019340527523682,0.2696718308092331,2.8253501470624633,0.6268108526208578,1.6200332047996309,0.5472699983676655,0.0,1.32936258925653,0.01740860460647932,2.3807455740584937,0.5160306826346508,0.15988993888662767,2.2542654265193893,2.481833744960538,0.4029721354675068,0.1470399708572805,0.022884491283985814,0.16007580611174707,1.9677813221521376,0.1640272774202612,0.5390187863433245,1.3000879464693342,0.1905858538136564,0.45715317651357534,0.010506190133646311,0.3901483610071537,0.0983852088560596,0.4195533697001391,0.0,0.0023094688221709007,3.979289542472737,3.5049255498209497,0.09719387755102041,0.5870565736866891,4.816466955203578,14.018970534509192,0.16561184613275282,0.38066487759012035,0.4180806182739996,0.1402840106162822,0.1,1.153339844798056,0.185715139844211,0.9635447673190223,0.8346312261713434,0.6553351136842334,0.07658500238241196,0.3401314052950136,0.13124581087326706,1.974568071965185,0.01278966696213752,0.22756831844114792,0.9392624174493928
"CONSTABLE_ORLEANS",2.2527456372413024,0.2767761650114592,1.1244875130899086,0.043478260869565216,1.152440978857199,0.9776498217783853,0.2993109268301084,4.842559984721849,0.5744687831375137,0.5672631891672139,2.4282400647012965,0.16560400383929794,0.29164259939008863,2.771479838413395,0.5699351014171313,0.37026467706774613,0.5526582177586481,0.0,0.9854139852804938,0.016042780748663103,3.697607409301742,0.18983957219251335,0.5030884290475084,0.9062888201621544,1.440922755422688,0.6815585965311497,0.0053475935828877,0.09,1.101169751014952,2.281043752660308,0.16025641025641024,0.20498011792129442,0.741802226414852,0.18803418803418803,0.5592915856073751,0.15993696556356402,0.24893406230815002,0.18222635562789014,0.6594443739954576,0.0053475935828877,0.20202020202020202,3.0387454185234635,3.866125296931662,0.0,0.047619047619047616,3.4051866160985007,14.146857024389341,0.02708672401767031,0.526954766366531,0.411100141688377,0.10116079809174437,0.125,1.4500960402420073,0.08238463061992474,1.1641492142610863,0.744310643888649,0.8876602700132112,0.042384630619924736,0.5915619783266842,0.0053475935828877,1.4284605605526584,0.12566844919786097,0.5346339352605337,0.0053475935828877
"ALICE_BEDFORD",0.0,0.0,0.05555555555555555,0.0,0.047619047619047616,0.0,0.05555555555555555,0.25396825396825395,0.05555555555555555,0.0,0.05555555555555555,0.0,0.0,0.15873015873015872,0.0,0.05555555555555555,0.0,0.0,0.0,0.0,0.25396825396825395,0.0,0.0,0.08333333333333333,0.08333333333333333,0.047619047619047616,0.0,0.0,0.0,0.15079365079365079,0.0,0.05555555555555555,0.0,0.0,0.0,0.0,0.0,0.0,0.0,0.0,0.0,0.09523809523809523,0.047619047619047616,0.0,0.0,0.047619047619047616,0.5634920634920635,0.0,0.0,0.0,0.047619047619047616,0.0,0.0,0.0,0.0,0.0,0.0,0.0,0.047619047619047616,0.0,0.0,0.0,0.0,0.0
"BATES_KING HENRY",0.5564726894273924,0.0,0.10439024390243903,0.0,0.10321377331420373,0.15584535226157215,0.0,1.017308154048023,0.11044715447154471,0.41876678628140435,0.26023559616401115,0.08695652173913043,0.12669203418376895,0.6987868515715713,0.0,0.05263157894736842,0.199862765891086,0.0,0.3341610115051211,0.02,0.6697041368313803,0.0,0.0,0.2274467178175618,0.3896134682036011,0.2993236131311373,0.0,0.08695652173913043,0.2816666666666667,0.2834493694782149,0.0,0.0,0.05263157894736842,0.0,0.08786850477200424,0.0,0.0,0.05263157894736842,0.02,0.0,0.0,1.0245390509834564,1.5408457079321096,0.0,0.0,0.659686462741596,3.08535056529728,0.0,0.06166666666666666,0.32371385703357636,0.041666666666666664,0.041666666666666664,0.23483739837398376,0.0,0.22035515618314075,0.21944317315026696,0.4129867351305092,0.041666666666666664,0.21145510835913311,0.0,0.4061352073340359,0.0,0.16216675038603934,0.05263157894736842
"KATHERINE_KING HENRY",0.4420995670995671,0.0,0.023809523809523808,0.09090909090909091,0.3170995670995671,0.09090909090909091,0.08333333333333333,1.6701839826839828,0.0625,0.0,0.023809523809523808,0.0,0.0,0.23674242424242423,0.0,0.08333333333333333,0.0,0.0,0.0,0.0,1.2951839826839828,0.08333333333333333,0.0,0.413961038961039,0.5806277056277057,0.16666666666666666,0.0,0.0,0.0,1.4959415584415583,0.0,0.0,0.4420995670995671,0.0,0.08333333333333333,0.0,0.0,0.16666666666666666,0.0,0.0,0.0,0.6742424242424242,0.5416666666666666,0.125,0.0,0.7591991341991342,2.871482683982684,0.0,0.0,0.29166666666666663,0.0,0.0,0.08333333333333333,0.0,0.17424242424242425,0.26785714285714285,0.0,0.0,0.7337662337662337,0.0,0.23376623376623376,0.0,0.16666666666666666,0.08333333333333333
"EXETER_BEDFORD",0.5061287279029214,0.025974025974025976,0.424975024975025,0.0,0.195209002467067,0.1373516268677559,0.025974025974025976,0.7542638365219011,0.2395021645021645,0.2074314574314574,0.6012876908038198,0.21536393713813068,0.01818181818181818,1.3572110685013912,0.03225806451612903,0.09541847041847042,0.012987012987012988,0.0,0.4006493506493506,0.04524507750314202,0.7282898105478751,0.012987012987012988,0.08333333333333333,0.31271237722850626,0.43768328445747795,0.05894660894660895,0.025974025974025976,0.0,0.2361111111111111,0.1675394497975143,0.17965367965367965,0.06764069264069264,0.16666666666666666,0.025974025974025976,0.012987012987012988,0.0,0.025974025974025976,0.025974025974025976,0.041666666666666664,0.0,0.027777777777777776,0.788571285345479,1.0581419476580767,0.0,0.041666666666666664,0.7013377303699885,4.26301807511485,0.012987012987012988,0.18323209049015501,0.0,0.027777777777777776,0.05375180375180375,0.4796717619298265,0.0,0.2256132756132756,0.29120467346273804,0.1015151515151515,0.0,0.01818181818181818,0.027777777777777776,0.39206349206349206,0.0,0.12497090722897174,0.0
"EXETER_GREY",0.07692307692307693,0.0,0.07692307692307693,0.0,0.0,0.15384615384615385,0.0,0.0,0.0,0.0,0.0,0.07692307692307693,0.0,0.07692307692307693,0.0,0.23076923076923078,0.0,0.0,0.0,0.0,0.0,0.0,0.0,0.0,0.0,0.0,0.0,0.07692307692307693,0.0,0.0,0.0,0.0,0.0,0.0,0.0,0.0,0.0,0.0,0.0,0.0,0.0,0.0,0.07692307692307693,0.0,0.07692307692307693,0.0,0.38461538461538464,0.0,0.0,0.0,0.0,0.0,0.0,0.0,0.0,0.0,0.0,0.0,0.0,0.0,0.0,0.0,0.0,0.0
"GOVERNOR_KING HENRY",0.15,0.03333333333333333,0.016666666666666666,0.0,0.05,0.16666666666666666,0.0,0.016666666666666666,0.03333333333333333,0.0,0.016666666666666666,0.08333333333333333,0.05,0.016666666666666666,0.06666666666666667,0.05,0.016666666666666666,0.0,0.11666666666666667,0.03333333333333333,0.0,0.0,0.03333333333333333,0.0,0.0,0.0,0.03333333333333333,0.03333333333333333,0.016666666666666666,0.0,0.016666666666666666,0.0,0.0,0.0,0.0,0.0,0.0,0.03333333333333333,0.016666666666666666,0.0,0.0,0.06666666666666667,0.13333333333333333,0.0,0.2,0.0,0.4166666666666667,0.016666666666666666,0.0,0.0,0.0,0.0,0.0,0.0,0.0,0.03333333333333333,0.0,0.0,0.016666666666666666,0.016666666666666666,0.05,0.0,0.016666666666666666,0.0
"WILLIAMS_MONTJOY",0.4294184076792772,0.0,0.028985507246376812,0.0,0.10797101449275362,0.028985507246376812,0.028985507246376812,0.2891304347826087,0.0,0.09347826086956522,0.057971014492753624,0.0,0.0,0.22786561264822133,0.0,0.09347826086956522,0.0,0.0,0.043478260869565216,0.0,0.2746376811594203,0.028985507246376812,0.0,0.07898550724637682,0.1289855072463768,0.10797101449275362,0.0,0.0,0.014492753623188406,0.043478260869565216,0.05,0.028985507246376812,0.4004329004329004,0.014492753623188406,0.10797101449275362,0.0,0.0,0.05,0.014492753623188406,0.0,0.0644927536231884,0.17246376811594205,0.16594202898550725,0.0,0.0,0.5373894221720308,1.320327498588368,0.0,0.014492753623188406,0.0,0.0,0.0,0.09347826086956522,0.0,0.18115942028985507,0.014492753623188406,0.10797101449275362,0.0,0.0,0.0644927536231884,0.22786561264822133,0.0,0.05,0.0
"KING HENRY_GOWER",5.607904300793591,0.2509971698979843,1.8331145294824058,0.008952476572958501,2.564826115763573,1.5627885804529855,0.870918897260766,5.702645641208694,0.5515176035383244,0.5243146307553113,3.834101593042153,2.6005421901243118,0.3792393608253788,4.270739400541224,0.1418220613242221,0.5802272624513507,0.5886898409285224,0.0,1.1515357241037243,0.062486467257245285,3.429714546221007,0.309158518130493,0.3051638414153535,1.67455457298856,2.606774068390125,0.9107823565211259,0.0066134668544307095,0.5179977904600541,0.9142831620526396,3.28615519680077,0.08357953912257457,0.2936494648626337,1.1873021924385885,0.140609226887566,0.7675740257925511,0.014220145889681172,0.4138176263463864,0.5262514269771649,0.5714339151102933,0.007202837323319251,0.22993157386818985,6.54796537592361,4.925954358099729,0.008032128514056224,0.2325666290613773,8.172730416557167,21.127685495758527,0.2371926773999119,0.47673133503333887,0.8225156003061278,0.3800503815515215,0.16209728977887944,1.8683344264967412,0.3257846579559892,0.9398563296632709,1.1860624386114202,1.1306184338977574,0.08244743223657944,0.5864230957018968,0.23142209269282468,1.666369439450399,0.0412545116465113,0.9282034311445365,0.04093555900621118
"WILLIAMS_COURT",1.5277352132026132,0.0,0.2097211311861744,0.0,0.5352597062534218,0.5202577338869562,0.21466165413533833,1.5016261821446426,0.4180348258706468,0.13215025351710347,0.8220906744473122,0.8030644793802688,0.058102345415778245,1.230982221496754,0.05,0.25792746792354015,0.379004329004329,0.0,0.3793364007032507,0.0,0.6803032853504181,0.1050125313283208,0.05223880597014925,0.544136460554371,0.6546197583511016,0.2661232456990509,0.0,0.0,0.04317697228144989,0.937564059402237,0.0,0.16713144802304267,0.25263157894736843,0.016666666666666666,0.27184463873387676,0.0,0.09211180937418172,0.08635394456289978,0.0,0.0,0.07151741293532338,1.915793979521395,1.5824364166862204,0.29944918265813786,0.007462686567164179,2.0629949194560346,6.100843866790449,0.02631578947368421,0.19037051584184342,0.45031982942430704,0.10659203980099502,0.007462686567164179,0.6122151545757202,0.08333333333333333,0.2364792578461078,0.6039108966445965,0.16222459132906894,0.05572139303482587,0.11492537313432835,0.0907960199004975,0.6156977416403967,0.0,0.11048329779673062,0.0
"BEDFORD_GLOUCESTER",0.2833333333333333,0.0,0.23076923076923078,0.0,0.0,0.0,0.1,0.2602564102564103,0.15384615384615385,0.0,0.41410256410256413,0.08333333333333333,0.0,0.5679487179487179,0.0,0.0,0.0,0.0,0.24358974358974358,0.0,0.17692307692307693,0.0,0.1,0.3269230769230769,0.4269230769230769,0.0,0.0,0.0,0.0,0.2602564102564103,0.0,0.0,0.0,0.0,0.08333333333333333,0.0,0.18333333333333335,0.1,0.0,0.0,0.0,0.2833333333333333,0.3269230769230769,0.0,0.0,0.2833333333333333,1.2653846153846153,0.0,0.0,0.0,0.0,0.0,0.0,0.1,0.0,0.0,0.1,0.0,0.0,0.0,0.23717948717948717,0.0,0.1,0.0
"MESSENGER_FRENCH KING",0.0,0.0,0.0,0.0,0.0,0.0,0.0,0.0,0.0,0.0,0.0,0.0,0.0,0.0,0.0,0.25,0.0,0.0,0.0,0.0,0.0,0.0,0.0,0.0,0.0,0.0,0.0,0.0,0.0,0.0,0.0,0.0,0.0,0.0,0.0,0.0,0.0,0.0,0.0,0.0,0.0,0.0,0.0,0.0,0.0,0.0,0.25,0.0,0.0,0.0,0.0,0.0,0.0,0.0,0.0,0.0,0.0,0.0,0.0,0.0,0.0,0.0,0.0,0.0
"EXETER_KING HENRY",0.7057682124195885,0.03514833790063148,0.4891952084612635,0.0,0.1875207046955563,0.11600873043128845,0.05349696175384249,0.7196426916610403,0.11600873043128845,0.24143037810064255,0.864533803727004,0.23428801066415744,0.01818181818181818,1.3394412177736517,0.052347544522396115,0.13186087612693118,0.01757416895031574,0.0,0.4467082941044085,0.012987012987012988,0.4457769040337848,0.01757416895031574,0.0,0.5856070534969617,0.6643035863219349,0.03575598713213392,0.025974025974025976,0.0045871559633027525,0.2496177370030581,0.27690403378476774,0.07639769836208045,0.10433794034711466,0.3126216291353906,0.03514833790063148,0.01757416895031574,0.0,0.246342851847439,0.03056118193732873,0.05084097859327217,0.0045871559633027525,0.009174311926605505,0.8636175631048809,0.990095507418767,0.0045871559633027525,0.08025274329915452,0.893288917115145,4.123408177239802,0.022161324913618493,0.18792611567840925,0.0,0.033998920669185105,0.03514833790063148,0.7371349793098311,0.0045871559633027525,0.19312092087321445,0.2541046109853449,0.17781484570475398,0.0045871559633027525,0.022768974145120933,0.013761467889908258,0.2946463906663583,0.0,0.07869653282497319,0.013761467889908258
"GOWER_KING HENRY",0.15384615384615385,0.0,0.2,0.0,0.0,0.07692307692307693,0.35384615384615387,0.35384615384615387,0.07692307692307693,0.0,0.27692307692307694,0.07692307692307693,0.0,0.0,0.0,0.0,0.0,0.0,0.0,0.0,0.27692307692307694,0.35384615384615387,0.0,0.0,0.27692307692307694,0.0,0.0,0.0,0.0,0.15384615384615385,0.0,0.0,0.0,0.0,0.0,0.0,0.0,0.07692307692307693,0.0,0.0,0.0,0.5076923076923077,0.07692307692307693,0.0,0.0,0.15384615384615385,0.5846153846153846,0.0,0.07692307692307693,0.0,0.0,0.2,0.07692307692307693,0.0,0.2,0.0,0.07692307692307693,0.0,0.0,0.0,0.0,0.0,0.27692307692307694,0.0
"BOURBON_DAUPHIN",0.11102831594634874,0.01639344262295082,0.07824143070044709,0.0,0.01639344262295082,0.17287630402384502,0.0,0.29284649776453053,0.06184798807749628,0.0,0.3293591654247392,0.0,0.01639344262295082,0.12742175856929955,0.045454545454545456,0.045454545454545456,0.01639344262295082,0.0,0.04918032786885246,0.0,0.21460506706408347,0.0,0.0,0.01639344262295082,0.14008941877794337,0.03278688524590164,0.01639344262295082,0.0,0.0,0.09463487332339791,0.01639344262295082,0.0,0.06184798807749628,0.0,0.0,0.0,0.03278688524590164,0.0,0.01639344262295082,0.0,0.01639344262295082,0.08196721311475409,0.11475409836065574,0.0,0.01639344262295082,0.12742175856929955,0.8353204172876304,0.0,0.0,0.0,0.0,0.0,0.09463487332339791,0.0,0.10730253353204174,0.14008941877794337,0.04918032786885246,0.0,0.04918032786885246,0.045454545454545456,0.04918032786885246,0.07824143070044709,0.12369597615499256,0.0
"GLOUCESTER_MONTJOY",0.1,0.0,0.0,0.0,0.0,0.1,0.0,0.1,0.2,0.0,0.0,0.0,0.0,0.0,0.0,0.2,0.0,0.1,0.0,0.1,0.0,0.0,0.2,0.0,0.0,0.1,0.0,0.0,0.0,0.0,0.0,0.1,0.0,0.0,0.0,0.0,0.0,0.0,0.0,0.0,0.0,0.0,0.0,0.0,0.1,0.0,0.5,0.0,0.0,0.0,0.0,0.0,0.0,0.1,0.0,0.0,0.0,0.0,0.0,0.0,0.0,0.0,0.0,0.0
"BRITAINE_DAUPHIN",0.1879310344827586,0.0,0.06896551724137931,0.0,0.059482758620689656,0.025,0.0,0.0939655172413793,0.034482758620689655,0.025,0.12844827586206897,0.0,0.0,0.0939655172413793,0.0,0.034482758620689655,0.13793103448275862,0.0,0.0939655172413793,0.034482758620689655,0.0939655172413793,0.0,0.025,0.034482758620689655,0.08448275862068966,0.075,0.0,0.0,0.0,0.06896551724137931,0.0,0.034482758620689655,0.025,0.06896551724137931,0.059482758620689656,0.0,0.034482758620689655,0.05,0.0,0.05,0.0,0.1879310344827586,0.20344827586206898,0.0,0.025,0.2474137931034483,0.7232758620689655,0.0,0.0,0.0,0.0,0.0,0.08448275862068966,0.0,0.025,0.034482758620689655,0.0,0.05,0.0,0.0,0.13448275862068965,0.0,0.05,0.0
"CANTERBURY_WESTMORELAND",0.42854379863996706,0.07488021902806297,0.32610529013865297,0.01079136690647482,0.19873360202947812,0.2123665813553101,0.06561894866064451,0.40993551495923486,0.1350639062675597,0.011198974762258436,0.6129199850365254,0.08505988603324165,0.10425803738966129,0.7775872221724686,0.2205135575923117,0.08419480185811624,0.0372752106323155,0.0,0.28444385772918795,0.031033882317886355,0.2556954742180666,0.019707805234959522,0.05309061545381197,0.23094941716009115,0.2994873967544054,0.03274579232033194,0.014388489208633094,0.007194244604316547,0.08323744955037882,0.23929992677440992,0.08946944633117832,0.06294326241134751,0.052162493762524464,0.029694240151589682,0.04847418539457394,0.004106776180698152,0.07095303726316049,0.0,0.10670539566304113,0.0070921985815602835,0.02773203812703286,0.5189408432638084,0.6102130358577245,0.01714476326607057,0.025383371925379004,0.6272774006694452,2.6595175353207003,0.035119776519210166,0.057492669745814906,0.07796768745168137,0.03020389403012956,0.032872894641000336,0.40315625433790886,0.0,0.0113010207850147,0.0678655688395421,0.20095559275807345,0.0314312064519474,0.040541138568292855,0.01714476326607057,0.27599698270582923,0.021378641767437114,0.06853797959431428,0.0
"WILLIAMS_BEDFORD",1.5277352132026132,0.0,0.2097211311861744,0.0,0.5352597062534218,0.5202577338869562,0.21466165413533833,1.5016261821446426,0.4180348258706468,0.13215025351710347,0.8220906744473122,0.8030644793802688,0.058102345415778245,1.230982221496754,0.05,0.25792746792354015,0.379004329004329,0.0,0.3793364007032507,0.0,0.6803032853504181,0.1050125313283208,0.05223880597014925,0.544136460554371,0.6546197583511016,0.2661232456990509,0.0,0.0,0.04317697228144989,0.937564059402237,0.0,0.16713144802304267,0.25263157894736843,0.016666666666666666,0.27184463873387676,0.0,0.09211180937418172,0.08635394456289978,0.0,0.0,0.07151741293532338,1.915793979521395,1.5824364166862204,0.29944918265813786,0.007462686567164179,2.0629949194560346,6.100843866790449,0.02631578947368421,0.19037051584184342,0.45031982942430704,0.10659203980099502,0.007462686567164179,0.6122151545757202,0.08333333333333333,0.2364792578461078,0.6039108966445965,0.16222459132906894,0.05572139303482587,0.11492537313432835,0.0907960199004975,0.6156977416403967,0.0,0.11048329779673062,0.0
"EXETER_WILLIAMS",0.1111111111111111,0.0,0.0,0.0,0.029411764705882353,0.029411764705882353,0.0,0.2222222222222222,0.029411764705882353,0.14052287581699346,0.14052287581699346,0.1111111111111111,0.0,0.22875816993464052,0.029411764705882353,0.0,0.0,0.0,0.19934640522875818,0.0,0.1111111111111111,0.0,0.0,0.3333333333333333,0.3333333333333333,0.0,0.0,0.0,0.0,0.1111111111111111,0.058823529411764705,0.0,0.0,0.0,0.0,0.0,0.1111111111111111,0.0,0.0,0.0,0.0,0.16993464052287582,0.33986928104575165,0.0,0.029411764705882353,0.14052287581699346,0.7679738562091503,0.0,0.1111111111111111,0.0,0.029411764705882353,0.0,0.14052287581699346,0.0,0.1111111111111111,0.0,0.0,0.0,0.0,0.0,0.08823529411764706,0.0,0.0,0.0
"ERPINGHAM_GOWER",0.1984126984126984,0.0,0.0,0.0,0.0,0.0,0.0,0.14285714285714285,0.0,0.0,0.0,0.05555555555555555,0.0,0.16666666666666666,0.1984126984126984,0.0,0.0,0.0,0.0,0.0,0.14285714285714285,0.0,0.0,0.0,0.05555555555555555,0.0,0.0,0.0,0.0,0.0,0.0,0.0,0.14285714285714285,0.0,0.0,0.0,0.0,0.05555555555555555,0.0,0.0,0.0,0.05555555555555555,0.05555555555555555,0.0,0.0,0.1984126984126984,0.5079365079365079,0.0,0.0,0.05555555555555555,0.0,0.0,0.0,0.0,0.14285714285714285,0.0,0.0,0.0,0.0,0.0,0.0,0.0,0.05555555555555555,0.0
"KING HENRY_BEDFORD",9.072021848407186,0.1993035927471503,2.6158410167144686,0.21941882973989513,3.0915383578070004,2.6179192070208916,1.9331377365153641,8.929731643509879,1.3524688945150467,1.2874581452207712,6.102844195157809,2.847485568503225,0.9776423669181259,8.054690601298397,1.0889217386486265,2.439307964778886,1.8661526712674132,0.0,3.519931220788689,0.10391389745415171,6.073356359433739,0.8750017182219546,0.5549905756108767,5.224876186601069,6.156896012261986,1.480948146655182,0.17325118032122366,0.7774065046117898,0.6465651401623872,5.022250817057993,0.4293853960280002,1.0244419997404128,2.2577005600607785,0.5581212739834638,1.2879304664645013,0.12764146946018123,0.9745109369902483,0.36105408596366895,0.9876087751970619,0.010955182539079102,0.20412311215144557,11.253681212350038,9.655562366502256,0.2818154556508594,1.1428033879962378,12.163560206214184,38.169972675584994,0.4001547287504885,1.0267753192257933,0.8224864461667551,0.6014287746549793,0.20441563139123686,3.525039544373551,0.519741660047726,2.108198347588177,2.8611977765711702,1.7949623473913805,0.16604483629654684,1.2272295319318256,0.2753760279478849,4.1083440302608505,0.24841726893757687,0.9320198256609178,1.0236131735127612
"WARWICK_WILLIAMS",0.0,0.0,0.0,0.0,0.1,0.0,0.0,0.0,0.1,0.0,0.0,0.2,0.0,0.0,0.0,0.0,0.0,0.0,0.0,0.1,0.1,0.0,0.1,0.0,0.0,0.0,0.0,0.1,0.0,0.0,0.0,0.0,0.0,0.0,0.0,0.0,0.0,0.0,0.0,0.0,0.0,0.2,0.2,0.0,0.1,0.0,0.5,0.0,0.0,0.0,0.0,0.0,0.0,0.0,0.0,0.3,0.0,0.0,0.0,0.0,0.1,0.0,0.0,0.0
"EXETER_AMBASSADOR",0.16666666666666666,0.0,0.0,0.0,0.0,0.0,0.0,0.16666666666666666,0.0,0.0,0.0,0.0,0.0,0.0,0.0,0.0,0.0,0.0,0.0,0.0,0.16666666666666666,0.0,0.0,0.16666666666666666,0.16666666666666666,0.0,0.0,0.0,0.16666666666666666,0.0,0.0,0.0,0.16666666666666666,0.0,0.0,0.0,0.0,0.0,0.0,0.0,0.0,0.16666666666666666,0.0,0.0,0.0,0.16666666666666666,0.5,0.0,0.0,0.0,0.0,0.0,0.16666666666666666,0.0,0.0,0.0,0.0,0.0,0.0,0.0,0.0,0.0,0.0,0.0
"QUEEN ISABEL_ALICE",0.23008944543828264,0.0,0.13830649970184855,0.0,0.11488372093023255,0.05162790697674419,0.09008944543828265,0.5188312462731067,0.08838401908169351,0.013333333333333334,0.45335718545020876,0.1,0.03658914728682171,0.2865354800238521,0.011627906976744186,0.07488372093023256,0.02666666666666667,0.0,0.14171735241502684,0.0,0.3519856887298748,0.05008944543828265,0.10342277877161599,0.43026833631484795,0.4935241502683363,0.011627906976744186,0.024961240310077522,0.0,0.06512820512820514,0.2784734645199762,0.046511627906976744,0.03829457364341085,0.0,0.03658914728682171,0.13847346451997616,0.0,0.263422778771616,0.024961240310077522,0.048217054263565894,0.0,0.02666666666666667,0.4284078711985689,0.3550745378652355,0.0,0.07505068574836017,0.34497316636851516,1.4932975551580203,0.0,0.03658914728682171,0.0,0.05008944543828265,0.013333333333333334,0.21163983303518188,0.04,0.1001788908765653,0.08838401908169351,0.0,0.0,0.011627906976744186,0.011627906976744186,0.07488372093023256,0.0,0.06325581395348837,0.024961240310077522
"CONSTABLE_DAUPHIN",1.9609363427527449,0.2145219055094932,0.7900301986984097,0.009174311926605505,0.42747029130286307,0.7837684975669852,0.20256749905967392,2.8269748795419614,0.2856572845783088,0.5221874315914563,1.8628643890613603,0.10118092691622102,0.30414259939008864,1.975973978652449,0.482840891131856,0.14045712113035375,0.7160374226516146,0.0,0.45405932728155757,0.03771709267526861,2.1815176213252365,0.14351604278074867,0.3894429998855255,0.6439632550065135,0.9289397059705522,0.7165940158755041,0.027021905509493207,0.05,0.6517031772836728,1.5249638621937007,0.09583333333333333,0.06057233151809514,0.6792749932993836,0.22136752136752136,0.3261816399974295,0.032870529362704216,0.17759307632815324,0.049376114081996436,0.6708622756656528,0.0053475935828877,0.09090909090909091,1.9371110540268195,2.482617805752886,0.0125,0.047619047619047616,2.388406634055608,9.58098963875489,0.014521905509493206,0.26873086064262536,0.04583333333333334,0.04785523884282654,0.1341743119266055,1.054726827986078,0.035355238842826535,0.4900954217639352,0.5728618289128272,0.14166666666666666,0.014521905509493206,0.49774129001058304,0.047014260249554365,1.0008939364445857,0.05559269162210339,0.2849764509640387,0.0053475935828877
"MACMORRIS_GOWER",0.3506792440296277,0.0,0.23515129371906865,0.0,0.03116883116883117,0.04935064935064935,0.05714285714285714,0.3031620553359684,0.00909090909090909,0.0,0.284501943069718,0.043478260869565216,0.0,0.215527950310559,0.012987012987012988,0.15256916996047432,0.02727272727272727,0.0,0.20122230710466005,0.0,0.23370976849237718,0.012987012987012988,0.0,0.10903444381705252,0.21828810575613644,0.043478260869565216,0.0,0.0,0.08311688311688312,0.15838509316770186,0.0,0.08763410502540937,0.27992825588733516,0.00909090909090909,0.0,0.0,0.0,0.08198093466635666,0.00909090909090909,0.0,0.0,0.15838509316770186,0.3628259208821869,0.0,0.0,0.38184807519845887,1.4470820739362937,0.04415584415584416,0.00909090909090909,0.043478260869565216,0.043478260869565216,0.0,0.23301225628591357,0.0,0.043478260869565216,0.11101072840203274,0.0,0.0,0.07075098814229248,0.06493506493506493,0.31934766001262166,0.02727272727272727,0.10925366193908392,0.0
"GREY_BEDFORD",0.3530197941962648,0.038461538461538464,0.06548856548856549,0.0,0.10395010395010396,0.02702702702702703,0.09728506787330317,0.1898006603888957,0.11287758346581876,0.058823529411764705,0.09251559251559252,0.058823529411764705,0.038461538461538464,0.25528922587746117,0.08585055643879173,0.1831356243120949,0.0,0.0,0.07692307692307693,0.058823529411764705,0.13097713097713098,0.0,0.038461538461538464,0.1513391219273572,0.2708817414699768,0.11287758346581876,0.0,0.038461538461538464,0.06548856548856549,0.1243120949003302,0.0,0.06548856548856549,0.1969111969111969,0.038461538461538464,0.08585055643879173,0.058823529411764705,0.0,0.09251559251559252,0.038461538461538464,0.02702702702702703,0.0,0.330316742081448,0.3796013207777914,0.0,0.038461538461538464,0.45696989814636874,1.2587920823214942,0.0,0.058823529411764705,0.02702702702702703,0.0,0.0,0.11287758346581876,0.0,0.0,0.0,0.058823529411764705,0.0,0.02702702702702703,0.058823529411764705,0.16277363336186867,0.0,0.11954261954261955,0.0
"CHORUS_BURGUNDY",0.058333333333333334,0.008333333333333333,0.075,0.0,0.041666666666666664,0.10833333333333334,0.016666666666666666,0.008333333333333333,0.058333333333333334,0.03333333333333333,0.0,0.1,0.041666666666666664,0.0,0.041666666666666664,0.06666666666666667,0.008333333333333333,0.008333333333333333,0.008333333333333333,0.016666666666666666,0.016666666666666666,0.016666666666666666,0.016666666666666666,0.008333333333333333,0.0,0.025,0.03333333333333333,0.041666666666666664,0.008333333333333333,0.0,0.03333333333333333,0.0,0.0,0.041666666666666664,0.008333333333333333,0.0,0.0,0.0,0.06666666666666667,0.0,0.0,0.016666666666666666,0.10833333333333334,0.0,0.1,0.008333333333333333,0.31666666666666665,0.008333333333333333,0.008333333333333333,0.008333333333333333,0.0,0.008333333333333333,0.041666666666666664,0.0,0.0,0.008333333333333333,0.0,0.0,0.0,0.016666666666666666,0.05,0.0,0.008333333333333333,0.0
"CAMBRIDGE_GREY",0.34285714285714286,0.022222222222222223,0.05347222222222223,0.0,0.1111111111111111,0.1888888888888889,0.03125,0.5366071428571428,0.0,0.0,0.24236111111111114,0.022222222222222223,0.06666666666666667,0.4005952380952381,0.2095238095238095,0.05347222222222223,0.0,0.0,0.18472222222222223,0.0,0.3942460317460318,0.0,0.0,0.08472222222222223,0.31865079365079363,0.05347222222222223,0.0,0.0,0.09791666666666667,0.2942460317460317,0.06666666666666667,0.03125,0.32063492063492066,0.05347222222222223,0.1,0.0,0.0,0.1,0.07569444444444445,0.0,0.03125,0.18253968253968256,0.551984126984127,0.0,0.0,0.45396825396825397,1.8606150793650795,0.0,0.0,0.1693452380952381,0.0,0.03125,0.10694444444444445,0.0,0.12222222222222223,0.2,0.0,0.0,0.05347222222222223,0.0,0.20694444444444446,0.03125,0.23392857142857143,0.022222222222222223
"PISTOL_ERPINGHAM",1.5640880432440536,0.0,0.0,0.0,0.0,0.2786037491919845,0.0,0.2870680044593088,0.021739130434782608,0.0,0.2786037491919845,0.9758330757051983,0.0,0.5892224782889744,0.0,0.13043478260869565,0.0,0.0,0.10230179028132992,0.19457013574660634,0.2653288740245262,0.0,0.0,0.47078005115089516,0.47078005115089516,0.0,0.0,0.2,0.0,0.21014492753623187,0.0,0.06521739130434782,0.13574660633484165,0.058823529411764705,0.021739130434782608,0.0,0.0,0.0,0.0,0.0,0.0,2.0404094413685203,0.3893697947406387,0.0,0.021739130434782608,1.5640880432440536,3.1891606475366063,0.0,0.0,0.0,0.125,0.0,0.580546265328874,0.0,0.07692307692307693,0.07692307692307693,0.4525083612040134,0.0,0.0,0.021739130434782608,0.3701589331384728,0.0,0.0,0.043478260869565216
"QUEEN ISABEL_BEDFORD",0.23008944543828264,0.0,0.13830649970184855,0.0,0.11488372093023255,0.05162790697674419,0.09008944543828265,0.5188312462731067,0.08838401908169351,0.013333333333333334,0.45335718545020876,0.1,0.03658914728682171,0.2865354800238521,0.011627906976744186,0.07488372093023256,0.02666666666666667,0.0,0.14171735241502684,0.0,0.3519856887298748,0.05008944543828265,0.10342277877161599,0.43026833631484795,0.4935241502683363,0.011627906976744186,0.024961240310077522,0.0,0.06512820512820514,0.2784734645199762,0.046511627906976744,0.03829457364341085,0.0,0.03658914728682171,0.13847346451997616,0.0,0.263422778771616,0.024961240310077522,0.048217054263565894,0.0,0.02666666666666667,0.4284078711985689,0.3550745378652355,0.0,0.07505068574836017,0.34497316636851516,1.4932975551580203,0.0,0.03658914728682171,0.0,0.05008944543828265,0.013333333333333334,0.21163983303518188,0.04,0.1001788908765653,0.08838401908169351,0.0,0.0,0.011627906976744186,0.011627906976744186,0.07488372093023256,0.0,0.06325581395348837,0.024961240310077522
"AMBASSADOR_ELY",0.23845152895250488,0.0,0.12556929082628498,0.0,0.07221860767729343,0.02830188679245283,0.018867924528301886,0.16005204944697463,0.03773584905660377,0.0,0.1727391021470397,0.09108653220559532,0.009433962264150943,0.22608978529603124,0.009433962264150943,0.0,0.14736499674690956,0.0,0.14118412491867274,0.034482758620689655,0.11613532856213403,0.009433962264150943,0.0,0.07221860767729343,0.07221860767729343,0.0,0.0,0.0,0.009433962264150943,0.09726740403383213,0.0,0.0,0.0,0.009433962264150943,0.009433962264150943,0.0,0.018867924528301886,0.0,0.009433962264150943,0.0,0.0,0.3106701366297983,0.21340273259596615,0.0,0.0,0.3106701366297983,0.8477553675992193,0.0,0.009433962264150943,0.043916720884840596,0.0,0.0,0.05660377358490566,0.0,0.034482758620689655,0.03773584905660377,0.0,0.0,0.018867924528301886,0.0,0.05335068314899154,0.0,0.0,0.0
"WARWICK_FLUELLEN",0.0,0.0,0.0,0.0,0.1,0.0,0.0,0.0,0.1,0.0,0.0,0.2,0.0,0.0,0.0,0.0,0.0,0.0,0.0,0.1,0.1,0.0,0.1,0.0,0.0,0.0,0.0,0.1,0.0,0.0,0.0,0.0,0.0,0.0,0.0,0.0,0.0,0.0,0.0,0.0,0.0,0.2,0.2,0.0,0.1,0.0,0.5,0.0,0.0,0.0,0.0,0.0,0.0,0.0,0.0,0.3,0.0,0.0,0.0,0.0,0.1,0.0,0.0,0.0
"MONTJOY_ERPINGHAM",0.16951469583048528,0.0,0.05194805194805195,0.0,0.025974025974025976,0.06561859193438141,0.06561859193438141,0.18318523581681476,0.13123718386876282,0.03896103896103896,0.13055365686944634,0.14354066985645933,0.012987012987012988,0.2909090909090909,0.012987012987012988,0.012987012987012988,0.0,0.0,0.03896103896103896,0.012987012987012988,0.0786056049213944,0.05263157894736842,0.025974025974025976,0.10457963089542037,0.10457963089542037,0.0,0.0,0.0,0.0,0.10457963089542037,0.0,0.012987012987012988,0.0,0.012987012987012988,0.06561859193438141,0.0,0.012987012987012988,0.0,0.0,0.0,0.0,0.2221462747778537,0.2351332877648667,0.05263157894736842,0.0,0.19548872180451127,0.9580314422419687,0.0,0.09159261790840738,0.012987012987012988,0.0,0.0,0.03896103896103896,0.0,0.06561859193438141,0.1442241968557758,0.0,0.012987012987012988,0.05263157894736842,0.0,0.09159261790840738,0.0,0.0,0.0
"DAUPHIN_EXETER",0.23089430894308943,0.0,0.0,0.0,0.024390243902439025,0.0975609756097561,0.0,0.07317073170731707,0.0,0.04878048780487805,0.16422764227642278,0.0,0.0,0.32195121951219513,0.0,0.0,0.0,0.0,0.07317073170731707,0.0,0.07317073170731707,0.0,0.0,0.0,0.024390243902439025,0.04878048780487805,0.0,0.0,0.024390243902439025,0.024390243902439025,0.0,0.0,0.04878048780487805,0.0,0.024390243902439025,0.0,0.0,0.0,0.0,0.0,0.0,0.2065040650406504,0.14634146341463414,0.0,0.024390243902439025,0.2552845528455284,0.8813008130081301,0.0,0.0,0.0,0.0,0.0,0.0910569105691057,0.0,0.024390243902439025,0.06666666666666667,0.1821138211382114,0.0,0.0,0.0,0.07317073170731707,0.0,0.024390243902439025,0.0
"GRANDPRE_MESSENGER",0.09859154929577464,0.0,0.04929577464788732,0.007042253521126761,0.02112676056338028,0.09154929577464789,0.0,0.028169014084507043,0.035211267605633804,0.007042253521126761,0.0,0.11267605633802817,0.04929577464788732,0.007042253521126761,0.028169014084507043,0.09859154929577464,0.014084507042253521,0.06338028169014084,0.007042253521126761,0.035211267605633804,0.0,0.007042253521126761,0.028169014084507043,0.02112676056338028,0.0,0.07746478873239436,0.014084507042253521,0.04929577464788732,0.0,0.0,0.0,0.04225352112676056,0.007042253521126761,0.0,0.007042253521126761,0.0,0.02112676056338028,0.007042253521126761,0.0,0.0,0.007042253521126761,0.035211267605633804,0.04929577464788732,0.0,0.11971830985915492,0.0,0.3591549295774648,0.014084507042253521,0.007042253521126761,0.014084507042253521,0.0,0.007042253521126761,0.0,0.014084507042253521,0.0,0.028169014084507043,0.0,0.028169014084507043,0.007042253521126761,0.007042253521126761,0.04225352112676056,0.02112676056338028,0.035211267605633804,0.0
"ERPINGHAM_WILLIAMS",0.1984126984126984,0.0,0.0,0.0,0.0,0.0,0.0,0.14285714285714285,0.0,0.0,0.0,0.05555555555555555,0.0,0.16666666666666666,0.1984126984126984,0.0,0.0,0.0,0.0,0.0,0.14285714285714285,0.0,0.0,0.0,0.05555555555555555,0.0,0.0,0.0,0.0,0.0,0.0,0.0,0.14285714285714285,0.0,0.0,0.0,0.0,0.05555555555555555,0.0,0.0,0.0,0.05555555555555555,0.05555555555555555,0.0,0.0,0.1984126984126984,0.5079365079365079,0.0,0.0,0.05555555555555555,0.0,0.0,0.0,0.0,0.14285714285714285,0.0,0.0,0.0,0.0,0.0,0.0,0.0,0.05555555555555555,0.0
"RAMBURES_CONSTABLE",0.4207336523125997,0.0,0.09090909090909091,0.0,0.13636363636363635,0.09808612440191387,0.045454545454545456,0.4972886762360446,0.0,0.0,0.27990430622009566,0.05263157894736842,0.0,0.6398268398268399,0.0,0.19548872180451127,0.10526315789473684,0.0,0.14354066985645933,0.0,0.36092503987240826,0.0,0.1719298245614035,0.06666666666666667,0.1719298245614035,0.045454545454545456,0.0,0.0,0.045454545454545456,0.2556618819776714,0.09090909090909091,0.05263157894736842,0.09090909090909091,0.0,0.045454545454545456,0.14285714285714285,0.09090909090909091,0.0,0.0,0.0,0.0,0.32982456140350874,0.18899521531100477,0.0,0.0,0.557097288676236,2.0018227386648437,0.0,0.0,0.0,0.0,0.10526315789473684,0.18831168831168832,0.045454545454545456,0.19617224880382775,0.06666666666666667,0.0,0.0,0.0,0.0,0.09808612440191387,0.0,0.10526315789473684,0.0
"YORK_BEDFORD",0.06666666666666667,0.0,0.06666666666666667,0.0,0.0,0.0,0.0,0.0,0.0,0.06666666666666667,0.0,0.13333333333333333,0.0,0.0,0.0,0.13333333333333333,0.06666666666666667,0.06666666666666667,0.0,0.0,0.06666666666666667,0.0,0.0,0.0,0.0,0.0,0.0,0.06666666666666667,0.0,0.0,0.0,0.06666666666666667,0.06666666666666667,0.06666666666666667,0.06666666666666667,0.0,0.06666666666666667,0.0,0.06666666666666667,0.0,0.0,0.0,0.13333333333333333,0.0,0.06666666666666667,0.0,0.3333333333333333,0.0,0.0,0.0,0.0,0.0,0.0,0.0,0.0,0.0,0.0,0.0,0.0,0.0,0.0,0.0,0.0,0.0
"WARWICK_GLOUCESTER",0.0,0.0,0.0,0.0,0.1,0.0,0.0,0.0,0.1,0.0,0.0,0.2,0.0,0.0,0.0,0.0,0.0,0.0,0.0,0.1,0.1,0.0,0.1,0.0,0.0,0.0,0.0,0.1,0.0,0.0,0.0,0.0,0.0,0.0,0.0,0.0,0.0,0.0,0.0,0.0,0.0,0.2,0.2,0.0,0.1,0.0,0.5,0.0,0.0,0.0,0.0,0.0,0.0,0.0,0.0,0.3,0.0,0.0,0.0,0.0,0.1,0.0,0.0,0.0
"BOY_BARDOLPH",0.4638981467704872,0.049090909090909095,0.19606060606060607,0.0,0.2697008547008547,0.10181818181818182,0.4850683595364446,1.0527217345302453,0.0890909090909091,0.1625531914893617,0.33370083816892326,0.06294326241134751,0.007272727272727273,0.6788942617666023,0.25480186480186484,0.23842574683000214,0.0,0.0,0.2927870356593761,0.0036363636363636364,0.7057341830746086,0.3315190365190365,0.21712509712509712,0.19900386847195356,0.44486633933442443,0.4318686868686869,0.02127659574468085,0.0,0.5066783216783217,0.3762174940898345,0.11272727272727273,0.07748871695680205,0.03945841392649903,0.028549323017408125,0.01818181818181818,0.11474747474747474,0.032185686653771764,0.05621212121212121,0.028549323017408125,0.041666666666666664,0.0036363636363636364,0.9645080923804328,1.1847846715931822,0.0,0.0036363636363636364,0.7335990014713418,3.391749491643109,0.02127659574468085,0.21354932301740812,0.048939393939393935,0.11636363636363636,0.0036363636363636364,0.336795615731786,0.08696969696969696,0.15891682785299807,0.26573500967117986,0.18382978723404256,0.007272727272727273,0.17757575757575755,0.04618955512572534,0.6617124601167155,0.0,0.24586247086247087,0.0
"WESTMORELAND_GLOUCESTER",0.5725258799171842,0.0,0.5160179434092478,0.0,0.2587301587301587,0.36187715665976533,0.02,0.6292063492063492,0.2783850931677019,0.09523809523809523,0.8778951000690132,0.047619047619047616,0.023809523809523808,0.5121946169772256,0.0,0.08761904761904762,0.15000000000000002,0.0,0.3725258799171842,0.0,0.5615873015873016,0.02,0.16728778467908903,0.047619047619047616,0.31047619047619046,0.0,0.0,0.0,0.05,0.3925396825396825,0.4134782608695652,0.047619047619047616,0.14761904761904762,0.0,0.023809523809523808,0.04,0.0,0.21523809523809523,0.08695652173913043,0.02,0.0,1.1558454106280192,0.8048792270531401,0.0,0.043478260869565216,0.8312560386473429,3.3965562456866802,0.0,0.13076604554865423,0.047619047619047616,0.2611111111111111,0.047619047619047616,0.23492063492063492,0.0,0.11904761904761904,0.24492063492063493,0.06,0.023809523809523808,0.07380952380952381,0.0,0.28600414078674946,0.0,0.26285714285714284,0.0
"PISTOL_HOSTESS",1.2666834993594307,0.144066985645933,0.3795925907624519,0.011235955056179775,0.05388888888888889,0.16725099265016474,0.2681746031746032,1.0247060647316326,0.1153197757189478,0.02702702702702703,0.6535635028912588,0.64155782117639,0.02702702702702703,0.619877618959958,0.04827299209321681,0.5644659247468236,0.19235607999652943,0.013888888888888888,0.5696264990626141,0.011235955056179775,0.5729129768593016,0.07142857142857142,0.0,0.07389278693240846,0.3555476941656369,0.0,0.09090909090909091,0.011235955056179775,0.07142857142857142,0.6754380550644508,0.0,0.5532299696906438,0.25043877111884205,0.06529000911023383,0.17887205387205388,0.0,0.1179558745348219,0.24815817520708464,0.05405405405405406,0.14412767411776006,0.06624271330153683,1.2454688835439869,1.0066432472768787,0.0,0.013157894736842105,1.3205723882483196,3.3290554740867817,0.19674603174603172,0.038262982083206803,0.011235955056179775,0.02247191011235955,0.0196078431372549,0.311323205016286,0.0,0.2395764561554035,0.061945594322885864,0.2093578540946962,0.0,0.011235955056179775,0.0,0.3802618096979248,0.0,0.28165490723322845,0.025124843945068663
"FLUELLEN_KING HENRY",1.5799248521803027,0.05844790023289009,0.5155254522670565,0.021052631578947368,0.8866632625531409,0.2153237634043769,0.23162673799796712,2.2838333578285304,0.19062209147348463,0.16791041836593276,0.7609122489376591,0.6364850104187671,0.03135964912280702,1.2485348160950922,0.16269592476489028,0.33562836788968986,0.11174242424242424,0.0,0.8577484550531518,0.01639344262295082,1.8737490349453714,0.0441712204007286,0.01639344262295082,1.1921176058382323,1.572905082119067,0.25067667744798133,0.01639344262295082,0.11724137931034484,0.19903710675928105,1.458906549095956,0.055837870538415,0.24595975190528446,0.3148398327964892,0.04667577413479053,0.16824078974893572,0.02631578947368421,0.05111566484517304,0.329861550354909,0.07055346388823525,0.041666666666666664,0.0625,2.0398798938548706,1.8373635061390272,0.0,0.05555555555555555,2.4665881147334425,8.62653860882271,0.021052631578947368,0.06308585696242398,0.2953115681653214,0.08991853519717297,0.0,1.3933454441194244,0.12810887512899896,0.5155878965089492,0.2828696718472627,0.6493797689564744,0.05427841634738186,0.19001562940303235,0.06335282651072124,1.1851308349474676,0.0,0.38078747628083487,0.041666666666666664
"YORK_SALISBURY",0.06666666666666667,0.0,0.06666666666666667,0.0,0.0,0.0,0.0,0.0,0.0,0.06666666666666667,0.0,0.13333333333333333,0.0,0.0,0.0,0.13333333333333333,0.06666666666666667,0.06666666666666667,0.0,0.0,0.06666666666666667,0.0,0.0,0.0,0.0,0.0,0.0,0.06666666666666667,0.0,0.0,0.0,0.06666666666666667,0.06666666666666667,0.06666666666666667,0.06666666666666667,0.0,0.06666666666666667,0.0,0.06666666666666667,0.0,0.0,0.0,0.13333333333333333,0.0,0.06666666666666667,0.0,0.3333333333333333,0.0,0.0,0.0,0.0,0.0,0.0,0.0,0.0,0.0,0.0,0.0,0.0,0.0,0.0,0.0,0.0,0.0
"SCROOP_WESTMORELAND",0.699694421468615,0.037037037037037035,0.0,0.0,0.07987711213517665,0.0,0.0,0.42943630443630443,0.22029225255031706,0.12454212454212454,0.0,0.125,0.03225806451612903,0.2660863628605564,0.037037037037037035,0.03225806451612903,0.0,0.0,0.17216117216117216,0.0,0.3818172568172568,0.0,0.0,0.23087426313232765,0.37709244160857064,0.11396011396011396,0.0,0.0,0.125,0.17216117216117216,0.0,0.03225806451612903,0.423697270471464,0.17511520737327188,0.20146520146520147,0.0,0.0,0.037037037037037035,0.10918114143920596,0.0,0.03225806451612903,0.38517829243635693,0.5074376042117977,0.0,0.0,0.7795715336037917,1.905096695419276,0.0,0.0,0.06451612903225806,0.07692307692307693,0.0,0.06929510155316607,0.0,0.09523809523809523,0.07407407407407407,0.150997150997151,0.06451612903225806,0.0,0.0,0.11396011396011396,0.07692307692307693,0.146218178476243,0.0
"FLUELLEN_GLOUCESTER",1.6588722206013553,0.05844790023289009,0.5418412417407407,0.021052631578947368,0.9129790520268252,0.2679553423517453,0.2842583169453355,2.4154123051969516,0.19062209147348463,0.16791041836593276,0.8661754068323959,0.6891165893661356,0.03135964912280702,1.3801137634635134,0.1890117142385745,0.3619441573633741,0.11174242424242424,0.0,0.8840642445268359,0.01639344262295082,1.952696403366424,0.0441712204007286,0.01639344262295082,1.2184333953119164,1.5992208715927514,0.25067667744798133,0.01639344262295082,0.11724137931034484,0.19903710675928105,1.5641697069906928,0.055837870538415,0.24595975190528446,0.3148398327964892,0.04667577413479053,0.16824078974893572,0.02631578947368421,0.07743145431885724,0.329861550354909,0.09686925336191946,0.041666666666666664,0.0625,2.1451430517496073,1.8636792956127115,0.0,0.05555555555555555,2.5718512726281793,8.994959661454288,0.021052631578947368,0.06308585696242398,0.2953115681653214,0.08991853519717297,0.0,1.419661233593109,0.15442466460268317,0.5155878965089492,0.30918546132094693,0.6756955584301587,0.05427841634738186,0.19001562940303235,0.08966861598440545,1.211446624421152,0.0,0.38078747628083487,0.041666666666666664
"CAMBRIDGE_SCROOP",0.34285714285714286,0.022222222222222223,0.05347222222222223,0.0,0.1111111111111111,0.1888888888888889,0.03125,0.5366071428571428,0.0,0.0,0.24236111111111114,0.022222222222222223,0.06666666666666667,0.4005952380952381,0.2095238095238095,0.05347222222222223,0.0,0.0,0.18472222222222223,0.0,0.3942460317460318,0.0,0.0,0.08472222222222223,0.31865079365079363,0.05347222222222223,0.0,0.0,0.09791666666666667,0.2942460317460317,0.06666666666666667,0.03125,0.32063492063492066,0.05347222222222223,0.1,0.0,0.0,0.1,0.07569444444444445,0.0,0.03125,0.18253968253968256,0.551984126984127,0.0,0.0,0.45396825396825397,1.8606150793650795,0.0,0.0,0.1693452380952381,0.0,0.03125,0.10694444444444445,0.0,0.12222222222222223,0.2,0.0,0.0,0.05347222222222223,0.0,0.20694444444444446,0.03125,0.23392857142857143,0.022222222222222223
"SALISBURY_ERPINGHAM",0.23254237288135593,0.0,0.09694915254237288,0.0,0.0,0.07389830508474576,0.0,0.09694915254237288,0.09084745762711866,0.0,0.19389830508474576,0.01694915254237288,0.0,0.2447457627118644,0.056949152542372886,0.01694915254237288,0.09084745762711866,0.0,0.14779661016949153,0.0,0.09694915254237288,0.0,0.04,0.12474576271186441,0.1816949152542373,0.0,0.0,0.0,0.0,0.04,0.0,0.01694915254237288,0.0847457627118644,0.0,0.0,0.0,0.0,0.04,0.0,0.0,0.0,0.19864406779661017,0.2216949152542373,0.0,0.0,0.23254237288135593,0.6989830508474576,0.0,0.07389830508474576,0.0,0.0,0.0,0.01694915254237288,0.0,0.056949152542372886,0.0,0.0,0.0,0.01694915254237288,0.0,0.03389830508474576,0.01694915254237288,0.056949152542372886,0.0
"NYM_BOY",0.10772357723577236,0.0,0.125,0.0,0.21602787456445993,0.0,0.17378048780487804,0.7063272093759898,0.04878048780487805,0.0,0.23272357723577233,0.024390243902439025,0.0,0.47793263646922185,0.0,0.07142857142857142,0.08333333333333333,0.0,0.23272357723577233,0.024390243902439025,0.49799387604265655,0.14939024390243902,0.0,0.6217928413050364,0.8377019322141273,0.09581881533101044,0.0,0.0,0.20833333333333331,0.24041811846689895,0.0,0.0,0.0,0.0,0.0,0.0,0.08333333333333333,0.0,0.18181818181818182,0.0,0.0,0.35772357723577236,0.3285423925667828,0.0,0.0,0.32375145180023224,1.6620473022912046,0.024390243902439025,0.0,0.0,0.0,0.125,0.14459930313588848,0.0,0.08333333333333333,0.04878048780487805,0.125,0.0,0.09581881533101044,0.0,0.09581881533101044,0.0,0.2159090909090909,0.07142857142857142
"RAMBURES_DAUPHIN",0.354066985645933,0.0,0.09090909090909091,0.0,0.13636363636363635,0.09808612440191387,0.045454545454545456,0.43062200956937796,0.0,0.0,0.27990430622009566,0.05263157894736842,0.0,0.36363636363636365,0.0,0.05263157894736842,0.10526315789473684,0.0,0.14354066985645933,0.0,0.2942583732057416,0.0,0.10526315789473684,0.0,0.10526315789473684,0.045454545454545456,0.0,0.0,0.045454545454545456,0.18899521531100477,0.09090909090909091,0.05263157894736842,0.09090909090909091,0.0,0.045454545454545456,0.0,0.09090909090909091,0.0,0.0,0.0,0.0,0.2631578947368421,0.18899521531100477,0.0,0.0,0.49043062200956933,1.3827751196172249,0.0,0.0,0.0,0.0,0.10526315789473684,0.045454545454545456,0.045454545454545456,0.19617224880382775,0.0,0.0,0.0,0.0,0.0,0.09808612440191387,0.0,0.10526315789473684,0.0
"WESTMORELAND_CANTERBURY",0.0838095238095238,0.0,0.11142857142857143,0.0,0.0,0.06380952380952382,0.02,0.17523809523809525,0.04380952380952381,0.0,0.17523809523809525,0.0,0.023809523809523808,0.17523809523809525,0.0,0.08761904761904762,0.0,0.0,0.13142857142857142,0.0,0.10761904761904761,0.02,0.023809523809523808,0.047619047619047616,0.06761904761904762,0.0,0.0,0.0,0.0,0.13142857142857142,0.02,0.047619047619047616,0.0,0.0,0.023809523809523808,0.04,0.0,0.02,0.0,0.02,0.0,0.10380952380952381,0.2704761904761905,0.0,0.0,0.0838095238095238,0.7733333333333333,0.0,0.04380952380952381,0.047619047619047616,0.0,0.0,0.12380952380952381,0.0,0.023809523809523808,0.0838095238095238,0.06,0.023809523809523808,0.023809523809523808,0.0,0.1514285714285714,0.0,0.02,0.0
"DAUPHIN_CONSTABLE",2.7337212850451658,0.08787806620623957,0.7673577867960883,0.09915824915824915,0.551616917297843,0.5984280772508515,0.27453109898930333,2.147134949341371,0.34214581408301,0.2078645410065783,1.9170134693545984,0.44955952916479236,0.11546840958605664,2.515817265733394,0.11011904761904762,0.5970773221160217,0.32641581927296215,0.048801742919389976,1.4470945011198082,0.03891402714932127,1.6214107223013543,0.055720749838396894,0.6156247840458366,0.6971689458918561,1.2013180736885176,0.21264741109241167,0.0,0.0,0.48054019417003635,1.1315174314641687,0.021288515406162466,0.41648401191744844,0.782575137427701,0.08258258258258258,0.6244024722428407,0.047619047619047616,0.5837191877992409,0.2775778546455238,0.29052891552891547,0.02857142857142857,0.015384615384615385,2.6453779937697317,2.708190136359061,0.0625,0.12713678950612747,3.2853382023430076,10.580279645401383,0.16455719489775217,0.22078307031314548,0.13292847503373817,0.009523809523809525,0.086473720684247,0.9455233961888421,0.04472934472934473,0.4415264301562723,0.6421361138466402,0.634829812863491,0.06652345148585749,0.1482515273315804,0.08685897435897436,1.4682526171695651,0.10801500087214372,0.5041491277966613,0.04611528822055137
"GOWER_ERPINGHAM",0.15384615384615385,0.0,0.2,0.0,0.0,0.07692307692307693,0.35384615384615387,0.35384615384615387,0.07692307692307693,0.0,0.27692307692307694,0.07692307692307693,0.0,0.0,0.0,0.0,0.0,0.0,0.0,0.0,0.27692307692307694,0.35384615384615387,0.0,0.0,0.27692307692307694,0.0,0.0,0.0,0.0,0.15384615384615385,0.0,0.0,0.0,0.0,0.0,0.0,0.0,0.07692307692307693,0.0,0.0,0.0,0.5076923076923077,0.07692307692307693,0.0,0.0,0.15384615384615385,0.5846153846153846,0.0,0.07692307692307693,0.0,0.0,0.2,0.07692307692307693,0.0,0.2,0.0,0.07692307692307693,0.0,0.0,0.0,0.0,0.0,0.27692307692307694,0.0
"ELY_KING HENRY",0.10909090909090909,0.0,0.05454545454545454,0.0,0.03636363636363636,0.09090909090909091,0.0,0.0,0.01818181818181818,0.0,0.0,0.09090909090909091,0.01818181818181818,0.01818181818181818,0.07272727272727272,0.12727272727272726,0.0,0.05454545454545454,0.0,0.01818181818181818,0.0,0.0,0.01818181818181818,0.0,0.0,0.05454545454545454,0.01818181818181818,0.01818181818181818,0.0,0.0,0.01818181818181818,0.05454545454545454,0.01818181818181818,0.0,0.0,0.0,0.0,0.0,0.0,0.0,0.01818181818181818,0.01818181818181818,0.09090909090909091,0.0,0.14545454545454545,0.0,0.38181818181818183,0.0,0.0,0.01818181818181818,0.0,0.0,0.0,0.0,0.0,0.01818181818181818,0.0,0.0,0.0,0.0,0.05454545454545454,0.0,0.0,0.0
"BARDOLPH_BOY",0.3482142857142857,0.0,0.3347222222222222,0.0,0.1,0.0,0.05,0.275,0.0625,0.0,0.3847222222222222,0.2,0.0,0.7583333333333333,0.0625,0.0,0.0,0.0,0.0625,0.0,0.175,0.0,0.0,0.05,0.1125,0.125,0.0,0.0,0.1625,0.1125,0.0,0.0,0.0,0.05,0.0625,0.0,0.05,0.0625,0.0,0.0625,0.0,0.6607142857142857,0.1875,0.0,0.0,0.4482142857142857,1.71765873015873,0.05,0.0,0.0,0.25,0.0,0.2111111111111111,0.0,0.0,0.0,0.2107142857142857,0.05,0.0,0.0,0.0625,0.0,0.0625,0.0
"EXETER_LORDS",0.436393389808024,0.054814814814814816,0.27082381033600544,0.007407407407407408,0.2822198217320169,0.24044964971794242,0.06102046102046102,0.2626476775257263,0.12569560520780035,0.04278684278684279,0.580722484381021,0.12626231040865188,0.0468383017163505,0.5860444343371173,0.01960252935862692,0.07982387982387983,0.13515151515151513,0.0,0.24606029020663167,0.0,0.1895578044358532,0.020227920227920228,0.0,0.08842616281640672,0.20511304413743436,0.08660968660968663,0.007407407407407408,0.007407407407407408,0.027972027972027972,0.1150841750841751,0.01282051282051282,0.04245014245014245,0.020227920227920228,0.04216145191754948,0.1479696274818226,0.029966329966329967,0.06170491658296536,0.05196650684455563,0.1621590514273441,0.0,0.007407407407407408,0.7789602718871012,0.7539273914883671,0.0,0.027635327635327635,0.7186132115400408,2.2317160346428637,0.01282051282051282,0.092362271874467,0.1104701802262778,0.007407407407407408,0.04347129834934713,0.22801972192216094,0.015151515151515152,0.08962514450319328,0.11447362935167815,0.30562586465025493,0.013504968383017164,0.062115526749673085,0.0,0.22844517722566504,0.021249076127124907,0.11668688132102767,0.020227920227920228
"FRENCH KING_WARWICK",0.750120247352331,0.06850459482038429,0.034482758620689655,0.015873015873015872,0.16875522138680032,0.13088229404461532,0.09061903426916043,0.5226248688724895,0.2902473734096947,0.0,0.2423868755151124,0.32448275862068965,0.16374269005847952,0.5108505213130949,0.034482758620689655,0.09613627564847077,0.16580231065468548,0.0,0.32615483199166967,0.0,0.37963751543141566,0.0,0.12510179288985007,0.42666279519938055,0.5087646014391178,0.07702182284980744,0.06896551724137931,0.015873015873015872,0.04,0.40560304602268216,0.06439024390243903,0.0802632597754549,0.10298735344107394,0.024390243902439025,0.06439024390243903,0.0,0.06850459482038429,0.08210180623973727,0.05613627564847077,0.0,0.05035577449370553,0.9044053433274806,0.9319127367057959,0.0,0.1085045948203843,0.9188754687391312,2.649889238093833,0.0,0.2359496442255063,0.15989159891598914,0.0,0.0,0.13361902091927325,0.07474601839614456,0.07702182284980744,0.06850459482038429,0.031746031746031744,0.0,0.10298735344107394,0.015873015873015872,0.18077714611732582,0.0,0.08210180623973727,0.0
"QUEEN ISABEL_GLOUCESTER",0.23008944543828264,0.0,0.13830649970184855,0.0,0.11488372093023255,0.05162790697674419,0.09008944543828265,0.5188312462731067,0.08838401908169351,0.013333333333333334,0.45335718545020876,0.1,0.03658914728682171,0.2865354800238521,0.011627906976744186,0.07488372093023256,0.02666666666666667,0.0,0.14171735241502684,0.0,0.3519856887298748,0.05008944543828265,0.10342277877161599,0.43026833631484795,0.4935241502683363,0.011627906976744186,0.024961240310077522,0.0,0.06512820512820514,0.2784734645199762,0.046511627906976744,0.03829457364341085,0.0,0.03658914728682171,0.13847346451997616,0.0,0.263422778771616,0.024961240310077522,0.048217054263565894,0.0,0.02666666666666667,0.4284078711985689,0.3550745378652355,0.0,0.07505068574836017,0.34497316636851516,1.4932975551580203,0.0,0.03658914728682171,0.0,0.05008944543828265,0.013333333333333334,0.21163983303518188,0.04,0.1001788908765653,0.08838401908169351,0.0,0.0,0.011627906976744186,0.011627906976744186,0.07488372093023256,0.0,0.06325581395348837,0.024961240310077522
"GREY_SCROOP",0.3530197941962648,0.038461538461538464,0.06548856548856549,0.0,0.10395010395010396,0.02702702702702703,0.09728506787330317,0.1898006603888957,0.11287758346581876,0.058823529411764705,0.09251559251559252,0.058823529411764705,0.038461538461538464,0.25528922587746117,0.08585055643879173,0.1831356243120949,0.0,0.0,0.07692307692307693,0.058823529411764705,0.13097713097713098,0.0,0.038461538461538464,0.1513391219273572,0.2708817414699768,0.11287758346581876,0.0,0.038461538461538464,0.06548856548856549,0.1243120949003302,0.0,0.06548856548856549,0.1969111969111969,0.038461538461538464,0.08585055643879173,0.058823529411764705,0.0,0.09251559251559252,0.038461538461538464,0.02702702702702703,0.0,0.330316742081448,0.3796013207777914,0.0,0.038461538461538464,0.45696989814636874,1.2587920823214942,0.0,0.058823529411764705,0.02702702702702703,0.0,0.0,0.11287758346581876,0.0,0.0,0.0,0.058823529411764705,0.0,0.02702702702702703,0.058823529411764705,0.16277363336186867,0.0,0.11954261954261955,0.0
"EXETER_KATHERINE",0.0,0.0,0.01818181818181818,0.0,0.05454545454545454,0.05454545454545454,0.0,0.0,0.01818181818181818,0.01818181818181818,0.0,0.03636363636363636,0.0,0.0,0.07272727272727272,0.09090909090909091,0.0,0.0,0.0,0.0,0.01818181818181818,0.0,0.01818181818181818,0.0,0.0,0.0,0.0,0.0,0.01818181818181818,0.0,0.01818181818181818,0.0,0.0,0.0,0.0,0.0,0.0,0.01818181818181818,0.0,0.0,0.0,0.01818181818181818,0.16363636363636364,0.0,0.05454545454545454,0.0,0.2545454545454545,0.0,0.0,0.0,0.0,0.0,0.0,0.0,0.01818181818181818,0.01818181818181818,0.0,0.0,0.0,0.0,0.03636363636363636,0.0,0.0,0.0
"BATES_BEDFORD",0.5564726894273924,0.0,0.10439024390243903,0.0,0.10321377331420373,0.15584535226157215,0.0,1.017308154048023,0.11044715447154471,0.41876678628140435,0.26023559616401115,0.08695652173913043,0.12669203418376895,0.6987868515715713,0.0,0.05263157894736842,0.199862765891086,0.0,0.3341610115051211,0.02,0.6697041368313803,0.0,0.0,0.2274467178175618,0.3896134682036011,0.2993236131311373,0.0,0.08695652173913043,0.2816666666666667,0.2834493694782149,0.0,0.0,0.05263157894736842,0.0,0.08786850477200424,0.0,0.0,0.05263157894736842,0.02,0.0,0.0,1.0245390509834564,1.5408457079321096,0.0,0.0,0.659686462741596,3.08535056529728,0.0,0.06166666666666666,0.32371385703357636,0.041666666666666664,0.041666666666666664,0.23483739837398376,0.0,0.22035515618314075,0.21944317315026696,0.4129867351305092,0.041666666666666664,0.21145510835913311,0.0,0.4061352073340359,0.0,0.16216675038603934,0.05263157894736842
"KING HENRY_EXETER",10.152609394043218,0.4617365834768122,2.773519855449386,0.21046635316693663,3.050737746712396,2.3134023108866697,1.492610685522612,8.802169976232816,1.269759652900048,0.9009995869075457,6.077269147181938,3.36140720658614,1.0994750166961271,8.079745549587841,0.9668367011543111,2.4974656255018144,2.2062289997503592,0.0,3.4973162474149673,0.08246859242450931,5.607523155464739,0.6079332996200105,0.45588024926767534,4.563527110147507,5.842321942204695,1.3843720362643976,0.16663771346679296,0.2032161878040632,1.2600465428863967,5.074136880316007,0.4681236997051962,0.9983919452971631,2.406092562638918,0.3405431675208022,1.1690284677496838,0.1338294868358062,1.1201548031740558,0.6741689136951374,0.9594567077451706,0.00375234521575985,0.3271412608532315,11.517386597416188,9.595513533113508,0.1389583127937165,1.2138921915420415,13.20334714075561,37.84329734572548,0.32076053306210184,0.8184535243614433,1.1042159289335283,0.4723892947348169,0.16894582804997044,3.2327498288803005,0.3502886629941552,1.5434132945879053,2.409182086380032,1.851916023230169,0.16966206403767084,1.0493538407035568,0.3685966554498932,3.857502415450888,0.1945045294429643,1.2787948320571907,1.0084122438013057
"WILLIAMS_EXETER",0.6659825248515698,0.0,0.10924472957937781,0.014705882352941176,0.30140262442486204,0.12072220192424796,0.028985507246376812,0.7193991524391627,0.15756302521008403,0.1104274134119381,0.3092410140179874,0.04411764705882353,0.04636091724825524,0.7383935526377765,0.047619047619047616,0.1580464610309857,0.0,0.0,0.18606241317455502,0.0,0.5645655167004163,0.028985507246376812,0.0,0.14453884722643665,0.3191887071704142,0.15433193174100884,0.0,0.01694915254237288,0.1580620457468175,0.13970149592629977,0.05,0.09355370740779731,0.5589810654616237,0.014492753623188406,0.1725392146541741,0.0,0.09397996486730284,0.1599439775910364,0.014492753623188406,0.0,0.0644927536231884,0.36688051786668985,0.5134352635674756,0.0,0.0,0.9673851492764318,2.9912670608539518,0.0,0.062111801242236024,0.0,0.03165503489531406,0.0,0.18745822573686807,0.0,0.37163561076604557,0.031441906165561286,0.17576762466224516,0.14285714285714285,0.234593837535014,0.0644927536231884,0.3714349047718505,0.0,0.17464985994397758,0.0
"QUEEN ISABEL_KATHERINE",0.23008944543828264,0.0,0.13830649970184855,0.0,0.11488372093023255,0.05162790697674419,0.09008944543828265,0.5188312462731067,0.08838401908169351,0.013333333333333334,0.45335718545020876,0.1,0.03658914728682171,0.2865354800238521,0.011627906976744186,0.07488372093023256,0.02666666666666667,0.0,0.14171735241502684,0.0,0.3519856887298748,0.05008944543828265,0.10342277877161599,0.43026833631484795,0.4935241502683363,0.011627906976744186,0.024961240310077522,0.0,0.06512820512820514,0.2784734645199762,0.046511627906976744,0.03829457364341085,0.0,0.03658914728682171,0.13847346451997616,0.0,0.263422778771616,0.024961240310077522,0.048217054263565894,0.0,0.02666666666666667,0.4284078711985689,0.3550745378652355,0.0,0.07505068574836017,0.34497316636851516,1.4932975551580203,0.0,0.03658914728682171,0.0,0.05008944543828265,0.013333333333333334,0.21163983303518188,0.04,0.1001788908765653,0.08838401908169351,0.0,0.0,0.011627906976744186,0.011627906976744186,0.07488372093023256,0.0,0.06325581395348837,0.024961240310077522
"EXETER_FRENCH KING",0.436393389808024,0.054814814814814816,0.27082381033600544,0.007407407407407408,0.2822198217320169,0.24044964971794242,0.06102046102046102,0.2626476775257263,0.12569560520780035,0.04278684278684279,0.580722484381021,0.12626231040865188,0.0468383017163505,0.5860444343371173,0.01960252935862692,0.07982387982387983,0.13515151515151513,0.0,0.24606029020663167,0.0,0.1895578044358532,0.020227920227920228,0.0,0.08842616281640672,0.20511304413743436,0.08660968660968663,0.007407407407407408,0.007407407407407408,0.027972027972027972,0.1150841750841751,0.01282051282051282,0.04245014245014245,0.020227920227920228,0.04216145191754948,0.1479696274818226,0.029966329966329967,0.06170491658296536,0.05196650684455563,0.1621590514273441,0.0,0.007407407407407408,0.7789602718871012,0.7539273914883671,0.0,0.027635327635327635,0.7186132115400408,2.2317160346428637,0.01282051282051282,0.092362271874467,0.1104701802262778,0.007407407407407408,0.04347129834934713,0.22801972192216094,0.015151515151515152,0.08962514450319328,0.11447362935167815,0.30562586465025493,0.013504968383017164,0.062115526749673085,0.0,0.22844517722566504,0.021249076127124907,0.11668688132102767,0.020227920227920228
"ALICE_KING HENRY",0.0,0.0,0.05555555555555555,0.0,0.047619047619047616,0.0,0.05555555555555555,0.25396825396825395,0.05555555555555555,0.0,0.05555555555555555,0.0,0.0,0.15873015873015872,0.0,0.05555555555555555,0.0,0.0,0.0,0.0,0.25396825396825395,0.0,0.0,0.08333333333333333,0.08333333333333333,0.047619047619047616,0.0,0.0,0.0,0.15079365079365079,0.0,0.05555555555555555,0.0,0.0,0.0,0.0,0.0,0.0,0.0,0.0,0.0,0.09523809523809523,0.047619047619047616,0.0,0.0,0.047619047619047616,0.5634920634920635,0.0,0.0,0.0,0.047619047619047616,0.0,0.0,0.0,0.0,0.0,0.0,0.0,0.047619047619047616,0.0,0.0,0.0,0.0,0.0
"GOWER_BEDFORD",0.15384615384615385,0.0,0.2,0.0,0.0,0.07692307692307693,0.35384615384615387,0.35384615384615387,0.07692307692307693,0.0,0.27692307692307694,0.07692307692307693,0.0,0.0,0.0,0.0,0.0,0.0,0.0,0.0,0.27692307692307694,0.35384615384615387,0.0,0.0,0.27692307692307694,0.0,0.0,0.0,0.0,0.15384615384615385,0.0,0.0,0.0,0.0,0.0,0.0,0.0,0.07692307692307693,0.0,0.0,0.0,0.5076923076923077,0.07692307692307693,0.0,0.0,0.15384615384615385,0.5846153846153846,0.0,0.07692307692307693,0.0,0.0,0.2,0.07692307692307693,0.0,0.2,0.0,0.07692307692307693,0.0,0.0,0.0,0.0,0.0,0.27692307692307694,0.0
"BEDFORD_WESTMORELAND",0.4779034690799397,0.0,0.23076923076923078,0.0,0.19457013574660634,0.0,0.1,0.3371794871794872,0.21266968325791857,0.0,0.41410256410256413,0.08333333333333333,0.058823529411764705,0.7625188536953242,0.0,0.0,0.0,0.0,0.24358974358974358,0.058823529411764705,0.25384615384615383,0.0,0.21764705882352942,0.4807692307692308,0.5807692307692307,0.058823529411764705,0.0,0.0,0.0,0.3371794871794872,0.0,0.0,0.0,0.0,0.08333333333333333,0.0,0.18333333333333335,0.1,0.0,0.0,0.0,0.4779034690799397,0.503393665158371,0.0,0.0,0.6724736048265461,2.0436651583710406,0.0,0.058823529411764705,0.0,0.0,0.0,0.0,0.1,0.0,0.0,0.17692307692307693,0.0,0.058823529411764705,0.0,0.23717948717948717,0.0,0.1,0.0
"EXETER_ALICE",0.0,0.0,0.01818181818181818,0.0,0.05454545454545454,0.05454545454545454,0.0,0.0,0.01818181818181818,0.01818181818181818,0.0,0.03636363636363636,0.0,0.0,0.07272727272727272,0.09090909090909091,0.0,0.0,0.0,0.0,0.01818181818181818,0.0,0.01818181818181818,0.0,0.0,0.0,0.0,0.0,0.01818181818181818,0.0,0.01818181818181818,0.0,0.0,0.0,0.0,0.0,0.0,0.01818181818181818,0.0,0.0,0.0,0.01818181818181818,0.16363636363636364,0.0,0.05454545454545454,0.0,0.2545454545454545,0.0,0.0,0.0,0.0,0.0,0.0,0.0,0.01818181818181818,0.01818181818181818,0.0,0.0,0.0,0.0,0.03636363636363636,0.0,0.0,0.0
"CANTERBURY_GLOUCESTER",0.42854379863996706,0.07488021902806297,0.32610529013865297,0.01079136690647482,0.19873360202947812,0.2123665813553101,0.06561894866064451,0.40993551495923486,0.1350639062675597,0.011198974762258436,0.6129199850365254,0.08505988603324165,0.10425803738966129,0.7775872221724686,0.2205135575923117,0.08419480185811624,0.0372752106323155,0.0,0.28444385772918795,0.031033882317886355,0.2556954742180666,0.019707805234959522,0.05309061545381197,0.23094941716009115,0.2994873967544054,0.03274579232033194,0.014388489208633094,0.007194244604316547,0.08323744955037882,0.23929992677440992,0.08946944633117832,0.06294326241134751,0.052162493762524464,0.029694240151589682,0.04847418539457394,0.004106776180698152,0.07095303726316049,0.0,0.10670539566304113,0.0070921985815602835,0.02773203812703286,0.5189408432638084,0.6102130358577245,0.01714476326607057,0.025383371925379004,0.6272774006694452,2.6595175353207003,0.035119776519210166,0.057492669745814906,0.07796768745168137,0.03020389403012956,0.032872894641000336,0.40315625433790886,0.0,0.0113010207850147,0.0678655688395421,0.20095559275807345,0.0314312064519474,0.040541138568292855,0.01714476326607057,0.27599698270582923,0.021378641767437114,0.06853797959431428,0.0
"MONTJOY_EXETER",0.5046498309656204,0.009009009009009009,0.10600210600210601,0.0,0.234983034983035,0.29264561896140845,0.07462760094339042,0.4192212718528508,0.14024619287777182,0.03896103896103896,0.42965275596854546,0.35254967886546834,0.012987012987012988,0.399017199017199,0.012987012987012988,0.06704106704106705,0.06306306306306306,0.0,0.12004212004212005,0.021996021996022,0.2966236229394124,0.05263157894736842,0.08903708903708904,0.1406156669314564,0.15863368494947444,0.0,0.0,0.0,0.0,0.3316066579224474,0.009009009009009009,0.058032058032058034,0.0,0.031005031005031006,0.08363660995239942,0.0,0.031005031005031006,0.009009009009009009,0.009009009009009009,0.009009009009009009,0.04504504504504504,0.7752994279310068,0.3432413958729748,0.05263157894736842,0.0,0.7396328659486553,1.927400811611338,0.0,0.09159261790840738,0.012987012987012988,0.009009009009009009,0.009009009009009009,0.056979056979056975,0.009009009009009009,0.07462760094339042,0.1442241968557758,0.0,0.021996021996022,0.05263157894736842,0.009009009009009009,0.15465568097147042,0.0,0.018018018018018018,0.0
"JAMY_NYM",0.10587686567164178,0.0,0.0,0.0,0.10110074626865673,0.13992537313432835,0.19485074626865673,0.22190298507462689,0.014925373134328358,0.0,0.15485074626865672,0.04617537313432836,0.0,0.13712686567164178,0.0,0.014925373134328358,0.0,0.0,0.07742537313432836,0.03125,0.1771268656716418,0.17992537313432835,0.014925373134328358,0.0,0.05492537313432836,0.029850746268656716,0.03125,0.0,0.014925373134328358,0.09970149253731343,0.0,0.014925373134328358,0.04477611940298507,0.029850746268656716,0.13712686567164178,0.0,0.014925373134328358,0.0,0.0,0.0,0.014925373134328358,0.21595149253731344,0.21455223880597013,0.0,0.0,0.2069776119402985,0.6271082089552239,0.0,0.0,0.014925373134328358,0.0,0.0,0.08477611940298507,0.014925373134328358,0.07602611940298507,0.0,0.0,0.014925373134328358,0.0,0.0,0.13712686567164178,0.0,0.05492537313432836,0.0
"AMBASSADOR_BEDFORD",0.23845152895250488,0.0,0.12556929082628498,0.0,0.07221860767729343,0.02830188679245283,0.018867924528301886,0.16005204944697463,0.03773584905660377,0.0,0.1727391021470397,0.09108653220559532,0.009433962264150943,0.22608978529603124,0.009433962264150943,0.0,0.14736499674690956,0.0,0.14118412491867274,0.034482758620689655,0.11613532856213403,0.009433962264150943,0.0,0.07221860767729343,0.07221860767729343,0.0,0.0,0.0,0.009433962264150943,0.09726740403383213,0.0,0.0,0.0,0.009433962264150943,0.009433962264150943,0.0,0.018867924528301886,0.0,0.009433962264150943,0.0,0.0,0.3106701366297983,0.21340273259596615,0.0,0.0,0.3106701366297983,0.8477553675992193,0.0,0.009433962264150943,0.043916720884840596,0.0,0.0,0.05660377358490566,0.0,0.034482758620689655,0.03773584905660377,0.0,0.0,0.018867924528301886,0.0,0.05335068314899154,0.0,0.0,0.0
"PISTOL_GOWER",0.9870816459526137,0.0,0.23645673323092675,0.0,0.20168067226890757,0.16666666666666666,0.23241167434715823,0.7868549961529088,0.18382352941176472,0.010752688172043012,0.42462877624167944,0.7420099613648001,0.16666666666666666,1.1676756039659264,0.15360983102918585,0.37335622421011416,0.0,0.0,0.4372238924895472,0.03225806451612903,0.47717757679807016,0.0608294930875576,0.0,0.27908113391984357,0.9025886405393047,0.021505376344086023,0.0,0.09090909090909091,0.010752688172043012,0.42974910394265237,0.0,0.0608294930875576,0.08781362007168458,0.1111111111111111,0.058823529411764705,0.24990512333965845,0.021505376344086023,0.4931017959480957,0.1111111111111111,0.2445189219382768,0.1966205837173579,1.033187869478192,0.8199721530841075,0.05555555555555555,0.0,1.1887623182215212,4.102307570144383,0.010752688172043012,0.135752688172043,0.0,0.010752688172043012,0.010752688172043012,0.37165898617511517,0.1285714285714286,0.23393873678503657,0.05555555555555555,0.16801075268817206,0.03225806451612903,0.021505376344086023,0.03932411674347158,0.6038905591562138,0.08739495798319327,0.6235075066194611,0.05555555555555555
"KING HENRY_MONTJOY",3.1708686094577554,0.2028737534679782,0.8232841830651547,0.00625,1.0249534290622555,0.6365265048079326,0.10382484908578413,2.07786498903433,0.14249118119989537,0.07867201564880211,1.826224315121903,1.7104154505843532,0.10519121942314713,1.5966215738281582,0.010266064257028112,0.23606297169353743,0.2592994858470554,0.0,0.43055239418682323,0.003125,1.0398532074896465,0.019852780687969265,0.050211716430941154,0.5437327885978501,0.6996773780413091,0.24970074606032228,0.0,0.059803101294065145,0.4083944473546359,1.2919837548507151,0.014282128514056225,0.1452499611974468,0.5802004342421445,0.043298192771084335,0.25747252008111354,0.0,0.3726636272488158,0.08566370746142464,0.15137992445974374,0.0,0.01875,3.2791413679858152,1.9261349610227703,0.008032128514056224,0.02608695652173913,4.195822038520011,8.710366066978521,0.0650103519668737,0.04563988713474588,0.6097082414790782,0.09414764320439653,0.003125,0.5882921964209892,0.012711716430941156,0.20950955669687574,0.4685662147172732,0.5794371745271741,0.029891304347826088,0.16098553831948054,0.07206301049609065,0.5873356506390139,0.003125,0.15192852518643096,0.01875
"JAMY_BARDOLPH",0.10587686567164178,0.0,0.0,0.0,0.10110074626865673,0.13992537313432835,0.19485074626865673,0.22190298507462689,0.014925373134328358,0.0,0.15485074626865672,0.04617537313432836,0.0,0.13712686567164178,0.0,0.014925373134328358,0.0,0.0,0.07742537313432836,0.03125,0.1771268656716418,0.17992537313432835,0.014925373134328358,0.0,0.05492537313432836,0.029850746268656716,0.03125,0.0,0.014925373134328358,0.09970149253731343,0.0,0.014925373134328358,0.04477611940298507,0.029850746268656716,0.13712686567164178,0.0,0.014925373134328358,0.0,0.0,0.0,0.014925373134328358,0.21595149253731344,0.21455223880597013,0.0,0.0,0.2069776119402985,0.6271082089552239,0.0,0.0,0.014925373134328358,0.0,0.0,0.08477611940298507,0.014925373134328358,0.07602611940298507,0.0,0.0,0.014925373134328358,0.0,0.0,0.13712686567164178,0.0,0.05492537313432836,0.0
"DAUPHIN_MESSENGER",0.5441775169631395,0.03508771929824561,0.05263157894736842,0.0,0.05947796320068464,0.19781160217617214,0.0,0.23858426554190354,0.0,0.04878048780487805,0.4123479430283024,0.017543859649122806,0.0,0.4873647533467816,0.0,0.11779448621553884,0.047619047619047616,0.0,0.25111559386270554,0.0,0.10825845100556268,0.0,0.21303258145363407,0.017543859649122806,0.14218473011797786,0.06632434745400086,0.0,0.0,0.024390243902439025,0.18980377773702548,0.0,0.05263157894736842,0.08386820710312366,0.0,0.04193410355156183,0.047619047619047616,0.09523809523809523,0.08270676691729323,0.0,0.0,0.0,0.6275566966195978,0.44208081178556147,0.0,0.024390243902439025,0.6036554801638242,1.6532306375695334,0.0,0.047619047619047616,0.06516290726817042,0.0,0.017543859649122806,0.1612323491655969,0.0,0.024390243902439025,0.08421052631578947,0.1821138211382114,0.017543859649122806,0.017543859649122806,0.0,0.19096521792285592,0.0,0.12464087046885505,0.017543859649122806
"ALICE_BURGUNDY",0.0,0.0,0.05555555555555555,0.0,0.047619047619047616,0.0,0.05555555555555555,0.25396825396825395,0.05555555555555555,0.0,0.05555555555555555,0.0,0.0,0.15873015873015872,0.0,0.05555555555555555,0.0,0.0,0.0,0.0,0.25396825396825395,0.0,0.0,0.08333333333333333,0.08333333333333333,0.047619047619047616,0.0,0.0,0.0,0.15079365079365079,0.0,0.05555555555555555,0.0,0.0,0.0,0.0,0.0,0.0,0.0,0.0,0.0,0.09523809523809523,0.047619047619047616,0.0,0.0,0.047619047619047616,0.5634920634920635,0.0,0.0,0.0,0.047619047619047616,0.0,0.0,0.0,0.0,0.0,0.0,0.0,0.047619047619047616,0.0,0.0,0.0,0.0,0.0
"BOURBON_CONSTABLE",0.11102831594634874,0.01639344262295082,0.07824143070044709,0.0,0.01639344262295082,0.17287630402384502,0.0,0.29284649776453053,0.06184798807749628,0.0,0.3293591654247392,0.0,0.01639344262295082,0.12742175856929955,0.045454545454545456,0.045454545454545456,0.01639344262295082,0.0,0.04918032786885246,0.0,0.21460506706408347,0.0,0.0,0.01639344262295082,0.14008941877794337,0.03278688524590164,0.01639344262295082,0.0,0.0,0.09463487332339791,0.01639344262295082,0.0,0.06184798807749628,0.0,0.0,0.0,0.03278688524590164,0.0,0.01639344262295082,0.0,0.01639344262295082,0.08196721311475409,0.11475409836065574,0.0,0.01639344262295082,0.12742175856929955,0.8353204172876304,0.0,0.0,0.0,0.0,0.0,0.09463487332339791,0.0,0.10730253353204174,0.14008941877794337,0.04918032786885246,0.0,0.04918032786885246,0.045454545454545456,0.04918032786885246,0.07824143070044709,0.12369597615499256,0.0
"GLOUCESTER_SALISBURY",0.0,0.0,0.0,0.0,0.0,0.0,0.0,0.0,0.2,0.0,0.0,0.0,0.0,0.0,0.0,0.0,0.0,0.0,0.0,0.2,0.0,0.0,0.2,0.0,0.0,0.0,0.0,0.2,0.0,0.0,0.0,0.0,0.0,0.0,0.0,0.0,0.0,0.0,0.0,0.0,0.0,0.0,0.0,0.0,0.0,0.0,0.4,0.0,0.0,0.0,0.0,0.0,0.0,0.0,0.0,0.0,0.0,0.0,0.0,0.0,0.0,0.0,0.0,0.0
"QUEEN ISABEL_WESTMORELAND",0.23008944543828264,0.0,0.13830649970184855,0.0,0.11488372093023255,0.05162790697674419,0.09008944543828265,0.5188312462731067,0.08838401908169351,0.013333333333333334,0.45335718545020876,0.1,0.03658914728682171,0.2865354800238521,0.011627906976744186,0.07488372093023256,0.02666666666666667,0.0,0.14171735241502684,0.0,0.3519856887298748,0.05008944543828265,0.10342277877161599,0.43026833631484795,0.4935241502683363,0.011627906976744186,0.024961240310077522,0.0,0.06512820512820514,0.2784734645199762,0.046511627906976744,0.03829457364341085,0.0,0.03658914728682171,0.13847346451997616,0.0,0.263422778771616,0.024961240310077522,0.048217054263565894,0.0,0.02666666666666667,0.4284078711985689,0.3550745378652355,0.0,0.07505068574836017,0.34497316636851516,1.4932975551580203,0.0,0.03658914728682171,0.0,0.05008944543828265,0.013333333333333334,0.21163983303518188,0.04,0.1001788908765653,0.08838401908169351,0.0,0.0,0.011627906976744186,0.011627906976744186,0.07488372093023256,0.0,0.06325581395348837,0.024961240310077522
"WILLIAMS_KING HENRY",2.193717738054183,0.0,0.3189658607655522,0.014705882352941176,0.836662330678284,0.6409799358112042,0.24364716138171513,2.2210253345838056,0.5755978510807308,0.24257766692904156,1.1313316884652995,0.8471821264390923,0.10446326266403347,1.9693757741345306,0.09761904761904762,0.4159739289545259,0.379004329004329,0.0,0.5653988138778056,0.0,1.2448688020508343,0.1339980385746976,0.05223880597014925,0.6886753077808077,0.9738084655215158,0.4204551774400597,0.0,0.01694915254237288,0.20123901802826744,1.0772655553285366,0.05,0.26068515543084,0.8116126444089923,0.03115942028985507,0.44438385338805086,0.0,0.18609177424148457,0.2462979221539362,0.014492753623188406,0.0,0.13601016655851178,2.2826744973880846,2.095871680253696,0.29944918265813786,0.007462686567164179,3.030380068732466,9.092110927644402,0.02631578947368421,0.2524823170840794,0.45031982942430704,0.13824707469630906,0.007462686567164179,0.7996733803125883,0.08333333333333333,0.6081148686121534,0.6353528028101577,0.33799221599131407,0.19857853589196872,0.34951921066934233,0.15528877352368592,0.9871326464122473,0.0,0.28513315774070824,0.0
"NYM_FLUELLEN",0.0,0.0,0.0,0.0,0.0,0.0,0.0,0.0,0.09090909090909091,0.0,0.0,0.0,0.5454545454545454,0.0,0.0,0.0,0.0,0.0,0.0,0.0,0.0,0.0,0.09090909090909091,0.0,0.0,0.0,0.45454545454545453,0.0,0.0,0.0,0.0,0.0,0.0,0.0,0.0,0.0,0.0,0.0,0.18181818181818182,0.0,0.0,0.0,0.0,0.0,0.0,0.0,0.09090909090909091,0.0,0.0,0.0,0.0,0.0,0.0,0.0,0.0,0.0,0.0,0.0,0.0,0.0,0.0,0.0,0.09090909090909091,0.0
"PISTOL_BARDOLPH",1.5652677979437293,0.144066985645933,0.4705016816715428,0.011235955056179775,0.21460317460317457,0.1851081355073076,0.39639210639210637,2.0187536837792517,0.36531977571894775,0.11036036036036036,0.8873297366574926,0.8032373578559268,0.02702702702702703,0.9926546167369559,0.07530001912024384,0.6910893013702002,0.19235607999652943,0.013888888888888888,0.8152974947336097,0.11242643124665597,1.3824367863831113,0.15476190476190477,0.08333333333333333,0.27402148706110857,0.6637845024024451,0.11904761904761904,0.2159090909090909,0.02909309791332263,0.23809523809523808,1.1873428169692128,0.0,0.5710871125477868,0.30401019969027065,0.3271947710149957,0.4288720538720539,0.10876623376623376,0.2429558745348219,0.3562662833151927,0.05405405405405406,0.14412767411776006,0.06624271330153683,1.5710802091553124,1.7046951953288263,0.0,0.03101503759398496,1.7798709725469037,5.811563956595263,0.2146031746031746,0.12159631541654013,0.011235955056179775,0.04949893713938658,0.0196078431372549,0.555370824063905,0.0,0.5550526466315939,0.28813607051336204,0.2093578540946962,0.5119047619047619,0.02909309791332263,0.0,0.6259328053689204,0.0,0.38976301534133656,0.025124843945068663
"CANTERBURY_ELY",0.2127108657901265,0.0,0.21822231869676673,0.01079136690647482,0.07588274208219631,0.1283407756553378,0.05031319771768791,0.20809765980319195,0.09848155957992227,0.0,0.4047734226411974,0.007194244604316547,0.02228561978003804,0.5237389398825767,0.056758041842388154,0.056758041842388154,0.03522182254196643,0.0,0.1595396096915571,0.0035971223021582736,0.14199020094269413,0.011494252873563218,0.03162470023980815,0.16282353427602747,0.1959005209625403,0.02658562804928471,0.014388489208633094,0.007194244604316547,0.0668103448275862,0.07330170346481435,0.05680455635491606,0.041666666666666664,0.03592470850905482,0.014388489208633094,0.03522182254196643,0.0,0.06180745059125113,0.0,0.06900169519556767,0.0,0.011494252873563218,0.255137269494749,0.27525738030265445,0.015091375175721492,0.0,0.28859360787232285,1.5825518895228643,0.02802757793764988,0.04311895311337137,0.007194244604316547,0.01079136690647482,0.018688497477879765,0.2480453568179939,0.0,0.007194244604316547,0.05461320598693459,0.10274538989498057,0.02228561978003804,0.03232758620689655,0.015091375175721492,0.1509034151988754,0.007194244604316547,0.03307698668651286,0.0
"BURGUNDY_FRENCH KING",0.9426732598294203,0.032372859020423486,0.1563458827069142,0.0028653295128939827,0.20917689309523121,0.32756396739204763,0.257331561307206,0.9379409100397639,0.025787965616045846,0.10057808052077392,0.5248786976580674,0.13676846341602789,0.07921967001479896,0.535658056789862,0.19281394610907504,0.30065472042549407,0.08862054850593531,0.0,0.09720895680781066,0.011461318051575931,0.4686640259347996,0.06536532951289398,0.18758755173511618,0.3385220849404231,0.36383774349390396,0.32722051375346506,0.04622719952232846,0.0,0.16310351804621145,0.6453459559118584,0.0,0.04490065808117384,0.22805213464239252,0.0385758251087764,0.06581219905002139,0.0028653295128939827,0.04383417707199942,0.019584999527692937,0.02005730659025788,0.0,0.0028653295128939827,1.0534191347228594,0.8177004651933018,0.018518518518518517,0.0742939009414654,1.1518501529246514,3.048305261808127,0.027114507057200466,0.0444283510186089,0.12198736607762396,0.013854340501904972,0.0028653295128939827,0.14849137252432382,0.16485172473711157,0.11850242509268297,0.06808335461630591,0.3126335725189593,0.0057306590257879654,0.3463586437440306,0.04622719952232846,0.3901608672024145,0.0,0.025315658553480905,0.23150488480001374
"AMBASSADOR_GLOUCESTER",0.23845152895250488,0.0,0.12556929082628498,0.0,0.07221860767729343,0.02830188679245283,0.018867924528301886,0.16005204944697463,0.03773584905660377,0.0,0.1727391021470397,0.09108653220559532,0.009433962264150943,0.22608978529603124,0.009433962264150943,0.0,0.14736499674690956,0.0,0.14118412491867274,0.034482758620689655,0.11613532856213403,0.009433962264150943,0.0,0.07221860767729343,0.07221860767729343,0.0,0.0,0.0,0.009433962264150943,0.09726740403383213,0.0,0.0,0.0,0.009433962264150943,0.009433962264150943,0.0,0.018867924528301886,0.0,0.009433962264150943,0.0,0.0,0.3106701366297983,0.21340273259596615,0.0,0.0,0.3106701366297983,0.8477553675992193,0.0,0.009433962264150943,0.043916720884840596,0.0,0.0,0.05660377358490566,0.0,0.034482758620689655,0.03773584905660377,0.0,0.0,0.018867924528301886,0.0,0.05335068314899154,0.0,0.0,0.0
"ALICE_WARWICK",0.0,0.0,0.05555555555555555,0.0,0.047619047619047616,0.0,0.05555555555555555,0.25396825396825395,0.05555555555555555,0.0,0.05555555555555555,0.0,0.0,0.15873015873015872,0.0,0.05555555555555555,0.0,0.0,0.0,0.0,0.25396825396825395,0.0,0.0,0.08333333333333333,0.08333333333333333,0.047619047619047616,0.0,0.0,0.0,0.15079365079365079,0.0,0.05555555555555555,0.0,0.0,0.0,0.0,0.0,0.0,0.0,0.0,0.0,0.09523809523809523,0.047619047619047616,0.0,0.0,0.047619047619047616,0.5634920634920635,0.0,0.0,0.0,0.047619047619047616,0.0,0.0,0.0,0.0,0.0,0.0,0.0,0.047619047619047616,0.0,0.0,0.0,0.0,0.0
"DAUPHIN_RAMBURES",2.130257558795816,0.011764705882352941,0.5174239605464727,0.08249158249158249,0.4280363899945943,0.33970666416486844,0.22288274734095168,1.6996373748861588,0.2676828896200856,0.1360071301247772,1.2915876132483828,0.4320156695156695,0.11546840958605664,1.6841598680939684,0.08154761904761905,0.4377077443253914,0.18866213151927436,0.048801742919389976,1.0303863916645872,0.023529411764705882,1.2577188158623365,0.011764705882352941,0.4898508898508898,0.5583796649973121,0.72943826387546,0.10657947389482109,0.0,0.0,0.4330730271906742,0.7998333118468014,0.021288515406162466,0.3275886967063438,0.674347955965603,0.05555555555555555,0.5350324712553814,0.047619047619047616,0.5169485710286241,0.07755102040816327,0.2299062049062049,0.0,0.0,2.182973262302099,1.9635204719846475,0.0625,0.2680272108843538,2.5582939487904106,7.624354555137393,0.16455719489775217,0.2130907626208378,0.06666666666666667,0.009523809523809525,0.017543859649122806,0.6824347951669933,0.037037037037037035,0.38087244999009706,0.34671052631578947,0.40399804300733094,0.02040816326530612,0.05122048819527811,0.0625,0.9535141754734855,0.07596371882086167,0.17105859887814773,0.0
"COURT_WILLIAMS",0.0,0.0,0.0,0.0,0.16666666666666666,0.0,0.0,0.0,0.08333333333333333,0.0,0.0,0.08333333333333333,0.0,0.0,0.0,0.0,0.0,0.0,0.0,0.08333333333333333,0.0,0.0,0.08333333333333333,0.0,0.0,0.0,0.0,0.08333333333333333,0.08333333333333333,0.0,0.0,0.0,0.0,0.0,0.0,0.0,0.0,0.08333333333333333,0.0,0.0,0.0,0.08333333333333333,0.08333333333333333,0.0,0.16666666666666666,0.0,0.4166666666666667,0.0,0.0,0.0,0.0,0.0,0.0,0.0,0.0,0.0,0.0,0.0,0.0,0.0,0.0,0.0,0.0,0.0
"AMBASSADOR_EXETER",0.23845152895250488,0.0,0.12556929082628498,0.0,0.07221860767729343,0.02830188679245283,0.018867924528301886,0.16005204944697463,0.03773584905660377,0.0,0.1727391021470397,0.09108653220559532,0.009433962264150943,0.22608978529603124,0.009433962264150943,0.0,0.14736499674690956,0.0,0.14118412491867274,0.034482758620689655,0.11613532856213403,0.009433962264150943,0.0,0.07221860767729343,0.07221860767729343,0.0,0.0,0.0,0.009433962264150943,0.09726740403383213,0.0,0.0,0.0,0.009433962264150943,0.009433962264150943,0.0,0.018867924528301886,0.0,0.009433962264150943,0.0,0.0,0.3106701366297983,0.21340273259596615,0.0,0.0,0.3106701366297983,0.8477553675992193,0.0,0.009433962264150943,0.043916720884840596,0.0,0.0,0.05660377358490566,0.0,0.034482758620689655,0.03773584905660377,0.0,0.0,0.018867924528301886,0.0,0.05335068314899154,0.0,0.0,0.0
"FRENCH KING_EXETER",1.3341782183668236,0.06850459482038429,0.38810594702648676,0.015873015873015872,0.4455668155896989,0.19754896071128197,0.09061903426916043,1.10958139061162,0.6337256342792599,0.0,0.8626767305875762,0.46796101949025487,0.24055428426137807,0.9746186372551238,0.034482758620689655,0.1294696089818041,0.6063820207996129,0.0,0.43629975952790157,0.0,0.6665940371705461,0.0,0.12510179288985007,0.42666279519938055,0.5087646014391178,0.11035515618314078,0.06896551724137931,0.015873015873015872,0.04,0.7389363793560155,0.06439024390243903,0.11359659310878822,0.10298735344107394,0.024390243902439025,0.06439024390243903,0.0,0.2685045948203843,0.08210180623973727,0.05613627564847077,0.0,0.05035577449370553,1.6986082418782051,1.4623475193144913,0.0,0.31864952235661614,1.7797450339565226,4.704961701861948,0.0,0.2359496442255063,0.3367031931188877,0.0,0.0,0.13361902091927325,0.07474601839614456,0.2973116779222712,0.10183792815371762,0.031746031746031744,0.0,0.10298735344107394,0.015873015873015872,0.2474438127839925,0.0,0.08210180623973727,0.0
"SALISBURY_WESTMORELAND",0.23254237288135593,0.0,0.09694915254237288,0.0,0.0,0.07389830508474576,0.0,0.09694915254237288,0.09084745762711866,0.0,0.19389830508474576,0.01694915254237288,0.0,0.2447457627118644,0.056949152542372886,0.01694915254237288,0.09084745762711866,0.0,0.14779661016949153,0.0,0.09694915254237288,0.0,0.04,0.12474576271186441,0.1816949152542373,0.0,0.0,0.0,0.0,0.04,0.0,0.01694915254237288,0.0847457627118644,0.0,0.0,0.0,0.0,0.04,0.0,0.0,0.0,0.19864406779661017,0.2216949152542373,0.0,0.0,0.23254237288135593,0.6989830508474576,0.0,0.07389830508474576,0.0,0.0,0.0,0.01694915254237288,0.0,0.056949152542372886,0.0,0.0,0.0,0.01694915254237288,0.0,0.03389830508474576,0.01694915254237288,0.056949152542372886,0.0
"WESTMORELAND_ERPINGHAM",0.24523809523809526,0.0,0.2611111111111111,0.0,0.2587301587301587,0.2111111111111111,0.0,0.45396825396825397,0.14761904761904762,0.09523809523809523,0.4722222222222222,0.047619047619047616,0.0,0.15,0.0,0.0,0.05,0.0,0.09761904761904762,0.0,0.45396825396825397,0.0,0.1,0.0,0.24285714285714285,0.0,0.0,0.0,0.05,0.2611111111111111,0.35,0.0,0.047619047619047616,0.0,0.0,0.0,0.0,0.19523809523809524,0.0,0.0,0.0,0.765079365079365,0.30396825396825394,0.0,0.0,0.503968253968254,1.9753968253968253,0.0,0.0,0.0,0.2611111111111111,0.047619047619047616,0.1111111111111111,0.0,0.09523809523809523,0.1611111111111111,0.0,0.0,0.05,0.0,0.047619047619047616,0.0,0.24285714285714285,0.0
"EXETER_FLUELLEN",0.20202020202020202,0.0,0.0,0.0,0.029411764705882353,0.029411764705882353,0.0,0.31313131313131315,0.029411764705882353,0.14052287581699346,0.23143196672608438,0.1111111111111111,0.0,0.3196672608437314,0.029411764705882353,0.0,0.0,0.0,0.19934640522875818,0.0,0.1111111111111111,0.0,0.0,0.3333333333333333,0.3333333333333333,0.0,0.0,0.0,0.0,0.20202020202020202,0.058823529411764705,0.0,0.09090909090909091,0.0,0.0,0.0,0.20202020202020202,0.0,0.0,0.0,0.0,0.16993464052287582,0.33986928104575165,0.0,0.029411764705882353,0.23143196672608438,1.131610219845514,0.0,0.1111111111111111,0.0,0.029411764705882353,0.0,0.3223410576351753,0.0,0.1111111111111111,0.0,0.0,0.0,0.0,0.0,0.08823529411764706,0.0,0.0,0.0
"EXETER_ELY",0.2213203463203463,0.025974025974025976,0.12987012987012986,0.0,0.08062770562770563,0.05465367965367965,0.025974025974025976,0.31493506493506496,0.05465367965367965,0.09632034632034632,0.22348484848484848,0.041666666666666664,0.0,0.17424242424242425,0.0,0.06764069264069264,0.012987012987012988,0.0,0.11958874458874458,0.012987012987012988,0.288961038961039,0.012987012987012988,0.0,0.19264069264069264,0.25757575757575757,0.012987012987012988,0.025974025974025976,0.0,0.20833333333333331,0.05194805194805195,0.012987012987012988,0.06764069264069264,0.16666666666666666,0.025974025974025976,0.012987012987012988,0.0,0.025974025974025976,0.025974025974025976,0.041666666666666664,0.0,0.0,0.288961038961039,0.3225108225108225,0.0,0.041666666666666664,0.30194805194805197,1.2673160173160174,0.012987012987012988,0.06764069264069264,0.0,0.0,0.025974025974025976,0.31493506493506496,0.0,0.05465367965367965,0.012987012987012988,0.0,0.0,0.0,0.0,0.11958874458874458,0.0,0.06493506493506493,0.0
"CHORUS_QUEEN ISABEL",0.058333333333333334,0.008333333333333333,0.075,0.0,0.041666666666666664,0.10833333333333334,0.016666666666666666,0.008333333333333333,0.058333333333333334,0.03333333333333333,0.0,0.1,0.041666666666666664,0.0,0.041666666666666664,0.06666666666666667,0.008333333333333333,0.008333333333333333,0.008333333333333333,0.016666666666666666,0.016666666666666666,0.016666666666666666,0.016666666666666666,0.008333333333333333,0.0,0.025,0.03333333333333333,0.041666666666666664,0.008333333333333333,0.0,0.03333333333333333,0.0,0.0,0.041666666666666664,0.008333333333333333,0.0,0.0,0.0,0.06666666666666667,0.0,0.0,0.016666666666666666,0.10833333333333334,0.0,0.1,0.008333333333333333,0.31666666666666665,0.008333333333333333,0.008333333333333333,0.008333333333333333,0.0,0.008333333333333333,0.041666666666666664,0.0,0.0,0.008333333333333333,0.0,0.0,0.0,0.016666666666666666,0.05,0.0,0.008333333333333333,0.0
"KING HENRY_AMBASSADOR",0.29280291826875676,0.005797101449275362,0.10337671300404219,0.005797101449275362,0.12819185645272602,0.0873114463176575,0.014492753623188406,0.29412895593019817,0.040698018337769884,0.01020408163265306,0.24309868875086266,0.011594202898550725,0.04359656906240757,0.3684018534950212,0.01020408163265306,0.05537316375825692,0.19842255742876858,0.0,0.16611949127477077,0.005797101449275362,0.20391895888790298,0.0,0.017391304347826087,0.3223405304150646,0.345528936212166,0.04088041013506852,0.013102632357290742,0.0,0.04220644779650991,0.1792221236320615,0.005797101449275362,0.016001183081928425,0.02759538598047915,0.013102632357290742,0.0466134279798876,0.0,0.05530908015380065,0.014492753623188406,0.03647342995169082,0.0,0.0,0.5772798974662329,0.3816868776496106,0.008695652173913044,0.22179828453120382,0.42099477472148283,1.3937838903677413,0.002898550724637681,0.034900916888494525,0.033510795622596866,0.016001183081928425,0.002898550724637681,0.12373065168096224,0.008695652173913044,0.05959775214433599,0.05669920141969831,0.04359656906240757,0.013102632357290742,0.051084491767721577,0.011594202898550725,0.1414226560189293,0.002898550724637681,0.02318840579710145,0.027777777777777776
"GREY_KING HENRY",0.3530197941962648,0.038461538461538464,0.06548856548856549,0.0,0.10395010395010396,0.02702702702702703,0.09728506787330317,0.1898006603888957,0.11287758346581876,0.058823529411764705,0.09251559251559252,0.058823529411764705,0.038461538461538464,0.25528922587746117,0.08585055643879173,0.1831356243120949,0.0,0.0,0.07692307692307693,0.058823529411764705,0.13097713097713098,0.0,0.038461538461538464,0.1513391219273572,0.2708817414699768,0.11287758346581876,0.0,0.038461538461538464,0.06548856548856549,0.1243120949003302,0.0,0.06548856548856549,0.1969111969111969,0.038461538461538464,0.08585055643879173,0.058823529411764705,0.0,0.09251559251559252,0.038461538461538464,0.02702702702702703,0.0,0.330316742081448,0.3796013207777914,0.0,0.038461538461538464,0.45696989814636874,1.2587920823214942,0.0,0.058823529411764705,0.02702702702702703,0.0,0.0,0.11287758346581876,0.0,0.0,0.0,0.058823529411764705,0.0,0.02702702702702703,0.058823529411764705,0.16277363336186867,0.0,0.11954261954261955,0.0
"WESTMORELAND_EXETER",0.7088895162808206,0.0,0.5614724888637932,0.0,0.2587301587301587,0.36187715665976533,0.06545454545454546,0.7201154401154399,0.2783850931677019,0.1406926406926407,0.9233496455235586,0.047619047619047616,0.023809523809523808,0.6031037078863166,0.045454545454545456,0.08761904761904762,0.15000000000000002,0.0,0.5088895162808206,0.0,0.607041847041847,0.02,0.30365142104272536,0.13852813852813853,0.40138528138528135,0.045454545454545456,0.0,0.0,0.09545454545454546,0.43799422799422794,0.4134782608695652,0.047619047619047616,0.14761904761904762,0.0,0.06926406926406926,0.04,0.0,0.21523809523809523,0.08695652173913043,0.02,0.0,1.2922090469916556,0.986697408871322,0.0,0.043478260869565216,0.9676196750109793,3.8511017002321353,0.045454545454545456,0.13076604554865423,0.047619047619047616,0.2611111111111111,0.047619047619047616,0.23492063492063492,0.0,0.11904761904761904,0.29037518037518034,0.06,0.023809523809523808,0.07380952380952381,0.0,0.4223677771503858,0.0,0.26285714285714284,0.0
"CHORUS_WESTMORELAND",0.058333333333333334,0.008333333333333333,0.075,0.0,0.041666666666666664,0.10833333333333334,0.016666666666666666,0.008333333333333333,0.058333333333333334,0.03333333333333333,0.0,0.1,0.041666666666666664,0.0,0.041666666666666664,0.06666666666666667,0.008333333333333333,0.008333333333333333,0.008333333333333333,0.016666666666666666,0.016666666666666666,0.016666666666666666,0.016666666666666666,0.008333333333333333,0.0,0.025,0.03333333333333333,0.041666666666666664,0.008333333333333333,0.0,0.03333333333333333,0.0,0.0,0.041666666666666664,0.008333333333333333,0.0,0.0,0.0,0.06666666666666667,0.0,0.0,0.016666666666666666,0.10833333333333334,0.0,0.1,0.008333333333333333,0.31666666666666665,0.008333333333333333,0.008333333333333333,0.008333333333333333,0.0,0.008333333333333333,0.041666666666666664,0.0,0.0,0.008333333333333333,0.0,0.0,0.0,0.016666666666666666,0.05,0.0,0.008333333333333333,0.0
"KING HENRY_GREY",0.9241522277966735,0.012029577309347755,0.27318146815290184,0.004524886877828055,0.20743417581524773,0.25156552910703356,0.1113841492402673,0.5724739114822891,0.11856330991399652,0.015450833241364089,0.632552677211547,0.17485603528465793,0.19623429604278653,1.0080797064387452,0.15921255932016334,0.2147511189047621,0.4769548760985275,0.0,0.4865150720365672,0.03077937224278688,0.45108623117564495,0.005628517823639775,0.08483330949640644,0.27006645215935027,0.4240799407630469,0.17954625330432358,0.001876172607879925,0.0,0.045457663822082765,0.28703667572928687,0.02756186902528366,0.07530906124175749,0.0618843808630394,0.07510329543533067,0.05691845218387542,0.10575924119683086,0.0834273671945326,0.0797018127138285,0.08636934031482095,0.00375234521575985,0.04575412482065997,1.0765585861744142,1.0904864876695683,0.023809523809523808,0.012080254240532984,1.1315864036119212,3.9383765588322106,0.06425257616075405,0.0563836101856188,0.05749428054523873,0.10246583903070888,0.01280211897141596,0.3014064554191886,0.03322582316228555,0.09493763395497869,0.28970963619969564,0.12749979866192207,0.016289592760180997,0.2065732803313506,0.029930471250413863,0.3602551529784313,0.043012702266647745,0.15401348860369662,0.015517051098112791
"KATHERINE_LORDS",0.4420995670995671,0.0,0.023809523809523808,0.09090909090909091,0.3170995670995671,0.09090909090909091,0.08333333333333333,1.6701839826839828,0.0625,0.0,0.023809523809523808,0.0,0.0,0.23674242424242423,0.0,0.08333333333333333,0.0,0.0,0.0,0.0,1.2951839826839828,0.08333333333333333,0.0,0.413961038961039,0.5806277056277057,0.16666666666666666,0.0,0.0,0.0,1.4959415584415583,0.0,0.0,0.4420995670995671,0.0,0.08333333333333333,0.0,0.0,0.16666666666666666,0.0,0.0,0.0,0.6742424242424242,0.5416666666666666,0.125,0.0,0.7591991341991342,2.871482683982684,0.0,0.0,0.29166666666666663,0.0,0.0,0.08333333333333333,0.0,0.17424242424242425,0.26785714285714285,0.0,0.0,0.7337662337662337,0.0,0.23376623376623376,0.0,0.16666666666666666,0.08333333333333333
"FLUELLEN_BOY",0.09090909090909091,0.0,0.030303030303030304,0.0,0.0,0.09090909090909091,0.0,0.0,0.0,0.0,0.0,0.030303030303030304,0.0,0.06060606060606061,0.0,0.030303030303030304,0.0,0.0,0.0,0.0,0.0,0.0,0.0,0.0,0.0,0.030303030303030304,0.0,0.030303030303030304,0.0,0.0,0.0,0.0,0.0,0.0,0.0,0.0,0.030303030303030304,0.0,0.0,0.0,0.0,0.030303030303030304,0.0,0.0,0.09090909090909091,0.0,0.15151515151515152,0.0,0.0,0.0,0.0,0.0,0.0,0.0,0.0,0.0,0.0,0.0,0.0,0.0,0.0,0.0,0.0,0.0
"BATES_COURT",0.5564726894273924,0.0,0.10439024390243903,0.0,0.10321377331420373,0.15584535226157215,0.0,1.017308154048023,0.11044715447154471,0.41876678628140435,0.26023559616401115,0.08695652173913043,0.12669203418376895,0.6987868515715713,0.0,0.05263157894736842,0.199862765891086,0.0,0.3341610115051211,0.02,0.6697041368313803,0.0,0.0,0.2274467178175618,0.3896134682036011,0.2993236131311373,0.0,0.08695652173913043,0.2816666666666667,0.2834493694782149,0.0,0.0,0.05263157894736842,0.0,0.08786850477200424,0.0,0.0,0.05263157894736842,0.02,0.0,0.0,1.0245390509834564,1.5408457079321096,0.0,0.0,0.659686462741596,3.08535056529728,0.0,0.06166666666666666,0.32371385703357636,0.041666666666666664,0.041666666666666664,0.23483739837398376,0.0,0.22035515618314075,0.21944317315026696,0.4129867351305092,0.041666666666666664,0.21145510835913311,0.0,0.4061352073340359,0.0,0.16216675038603934,0.05263157894736842
"KATHERINE_EXETER",0.4420995670995671,0.0,0.023809523809523808,0.09090909090909091,0.3170995670995671,0.09090909090909091,0.08333333333333333,1.6701839826839828,0.0625,0.0,0.023809523809523808,0.0,0.0,0.23674242424242423,0.0,0.08333333333333333,0.0,0.0,0.0,0.0,1.2951839826839828,0.08333333333333333,0.0,0.413961038961039,0.5806277056277057,0.16666666666666666,0.0,0.0,0.0,1.4959415584415583,0.0,0.0,0.4420995670995671,0.0,0.08333333333333333,0.0,0.0,0.16666666666666666,0.0,0.0,0.0,0.6742424242424242,0.5416666666666666,0.125,0.0,0.7591991341991342,2.871482683982684,0.0,0.0,0.29166666666666663,0.0,0.0,0.08333333333333333,0.0,0.17424242424242425,0.26785714285714285,0.0,0.0,0.7337662337662337,0.0,0.23376623376623376,0.0,0.16666666666666666,0.08333333333333333
"KING HENRY_GLOUCESTER",12.446607720367513,0.4126637945468064,3.462439193131619,0.2148939428620671,4.430168845095647,3.239243612472024,2.028905506436223,11.893378017807773,1.5098428397450963,1.3943441664450915,7.746707907596606,4.862409940929465,1.0605637489633086,9.868493707617791,1.0321161384049575,2.6359532842876825,1.9450061099929905,0.0,3.8305206135716303,0.11060425886753916,7.625399195256704,0.8861009810862842,0.6169959666723956,5.930459235239019,7.45523155978133,1.7375023617294862,0.17137500771334374,0.9287376284051773,1.3566470659235101,6.988120666964426,0.4669985126596299,1.1470618879580732,2.9619613139007135,0.5302990144564724,1.6554000847535748,0.03208630989600343,1.1748303803178408,0.7163691247846407,1.3179252274519406,0.007202837323319251,0.33916874313054146,14.805939227127576,11.56424589579789,0.2660380603553918,1.3077671397639052,16.876776565463167,48.029198476818074,0.428690282334386,1.1180769677259887,1.446575407100594,0.7548485432452028,0.32375636956267806,4.448403379582863,0.5416896994651638,2.306875451950744,3.2724986530311218,2.316323742864476,0.19278757352521755,1.2859685559370968,0.4295125354475299,4.694651910204203,0.20540456667092916,1.5207562602852815,1.0272925509860769
"WILLIAMS_BATES",1.5277352132026132,0.0,0.2097211311861744,0.0,0.5352597062534218,0.5202577338869562,0.21466165413533833,1.5016261821446426,0.4180348258706468,0.13215025351710347,0.8220906744473122,0.8030644793802688,0.058102345415778245,1.230982221496754,0.05,0.25792746792354015,0.379004329004329,0.0,0.3793364007032507,0.0,0.6803032853504181,0.1050125313283208,0.05223880597014925,0.544136460554371,0.6546197583511016,0.2661232456990509,0.0,0.0,0.04317697228144989,0.937564059402237,0.0,0.16713144802304267,0.25263157894736843,0.016666666666666666,0.27184463873387676,0.0,0.09211180937418172,0.08635394456289978,0.0,0.0,0.07151741293532338,1.915793979521395,1.5824364166862204,0.29944918265813786,0.007462686567164179,2.0629949194560346,6.100843866790449,0.02631578947368421,0.19037051584184342,0.45031982942430704,0.10659203980099502,0.007462686567164179,0.6122151545757202,0.08333333333333333,0.2364792578461078,0.6039108966445965,0.16222459132906894,0.05572139303482587,0.11492537313432835,0.0907960199004975,0.6156977416403967,0.0,0.11048329779673062,0.0
"KING HENRY_ELY",0.5048457063985015,0.016666666666666666,0.340551776266062,0.016666666666666666,0.2134230503795721,0.11830983601169937,0.03462157809983897,0.5405632784514772,0.1335781655657432,0.04591836734693877,0.5499194847020934,0.03172302737520129,0.11191955042886718,0.7154802983995531,0.019463340891912317,0.138994051726971,0.32833974169377894,0.0,0.31789082782871597,0.005797101449275362,0.3836406060008544,0.0,0.026650563607085346,0.41683098360117,0.5144960399618784,0.10598277958526406,0.013102632357290742,0.021739130434782608,0.07320483749055177,0.25519405829964836,0.005797101449275362,0.08875250583325117,0.03846495119787045,0.013102632357290742,0.07439120575766539,0.0,0.08630746984784252,0.025362318840579712,0.11083505866114561,0.0,0.02938808373590982,0.8560353610043051,0.7706332774655755,0.0179549114331723,0.2326678497485951,0.7182687567780734,2.7168802786815207,0.013768115942028985,0.12484800683558446,0.06289887935850669,0.016001183081928425,0.03389694041867955,0.3376713004042196,0.008695652173913044,0.17893292582733575,0.13267113608728515,0.08546452397384074,0.013102632357290742,0.10692760195865786,0.02246376811594203,0.2203276479673995,0.035507246376811595,0.09766505636070853,0.027777777777777776
"ERPINGHAM_KING HENRY",0.3893217893217893,0.0,0.1,0.045454545454545456,0.045454545454545456,0.045454545454545456,0.045454545454545456,0.18831168831168832,0.0,0.0,0.26666666666666666,0.15555555555555556,0.0,0.26666666666666666,0.3984126984126984,0.0,0.0,0.0,0.0,0.0,0.18831168831168832,0.045454545454545456,0.0,0.33636363636363636,0.3919191919191919,0.0,0.0,0.0,0.0,0.0,0.0,0.0,0.23376623376623376,0.0,0.045454545454545456,0.0,0.16666666666666666,0.05555555555555555,0.09090909090909091,0.0,0.0,0.201010101010101,0.10101010101010101,0.0,0.0,0.43477633477633476,0.9806637806637807,0.0,0.0,0.05555555555555555,0.0,0.0,0.045454545454545456,0.0,0.18831168831168832,0.045454545454545456,0.0,0.0,0.0,0.0,0.045454545454545456,0.0,0.05555555555555555,0.0
"BOY_HOSTESS",0.405716328588669,0.0,0.08333333333333333,0.0,0.2297008547008547,0.09090909090909091,0.4668865413546264,0.8672671890756998,0.0,0.13346228239845262,0.19551901998710508,0.06294326241134751,0.0,0.2593488072211476,0.2511655011655012,0.21660756501182032,0.0,0.0,0.203696126568467,0.0,0.5948250921655177,0.3206099456099456,0.18803418803418803,0.02127659574468085,0.23077543024351535,0.15277777777777776,0.02127659574468085,0.0,0.44667832167832167,0.2871265849989254,0.09090909090909091,0.06294326241134751,0.02127659574468085,0.02127659574468085,0.0,0.1111111111111111,0.02127659574468085,0.041666666666666664,0.02127659574468085,0.041666666666666664,0.0,0.8172353651077056,0.531602853411364,0.0,0.0,0.6354171832895237,2.0426585825521997,0.02127659574468085,0.02127659574468085,0.041666666666666664,0.09090909090909091,0.0,0.21679561573178596,0.08333333333333333,0.13346228239845262,0.13346228239845262,0.15473887814313347,0.0,0.041666666666666664,0.0425531914893617,0.2935306419348972,0.0,0.2094988344988345,0.0
"AMBASSADOR_WARWICK",0.23845152895250488,0.0,0.12556929082628498,0.0,0.07221860767729343,0.02830188679245283,0.018867924528301886,0.16005204944697463,0.03773584905660377,0.0,0.1727391021470397,0.09108653220559532,0.009433962264150943,0.22608978529603124,0.009433962264150943,0.0,0.14736499674690956,0.0,0.14118412491867274,0.034482758620689655,0.11613532856213403,0.009433962264150943,0.0,0.07221860767729343,0.07221860767729343,0.0,0.0,0.0,0.009433962264150943,0.09726740403383213,0.0,0.0,0.0,0.009433962264150943,0.009433962264150943,0.0,0.018867924528301886,0.0,0.009433962264150943,0.0,0.0,0.3106701366297983,0.21340273259596615,0.0,0.0,0.3106701366297983,0.8477553675992193,0.0,0.009433962264150943,0.043916720884840596,0.0,0.0,0.05660377358490566,0.0,0.034482758620689655,0.03773584905660377,0.0,0.0,0.018867924528301886,0.0,0.05335068314899154,0.0,0.0,0.0
"WESTMORELAND_BEDFORD",0.7088895162808206,0.0,0.5614724888637932,0.0,0.2587301587301587,0.36187715665976533,0.06545454545454546,0.7201154401154399,0.2783850931677019,0.1406926406926407,0.9233496455235586,0.047619047619047616,0.023809523809523808,0.6031037078863166,0.045454545454545456,0.08761904761904762,0.15000000000000002,0.0,0.5088895162808206,0.0,0.607041847041847,0.02,0.30365142104272536,0.13852813852813853,0.40138528138528135,0.045454545454545456,0.0,0.0,0.09545454545454546,0.43799422799422794,0.4134782608695652,0.047619047619047616,0.14761904761904762,0.0,0.06926406926406926,0.04,0.0,0.21523809523809523,0.08695652173913043,0.02,0.0,1.2922090469916556,0.986697408871322,0.0,0.043478260869565216,0.9676196750109793,3.8511017002321353,0.045454545454545456,0.13076604554865423,0.047619047619047616,0.2611111111111111,0.047619047619047616,0.23492063492063492,0.0,0.11904761904761904,0.29037518037518034,0.06,0.023809523809523808,0.07380952380952381,0.0,0.4223677771503858,0.0,0.26285714285714284,0.0
"KING HENRY_COURT",1.3091662010365857,0.025607390788980458,0.5466682182456871,0.008952476572958501,0.9076503415485675,0.6898986458948194,0.6637669780996399,1.9998586887618368,0.2200247928387228,0.40197777628962644,1.3354629811695873,0.410761782413413,0.10008368273740983,1.2821899211164174,0.039415102247727714,0.16883082403779193,0.03288152610441767,0.0,0.24332014817310388,0.02501673360107095,1.3710299236668417,0.29243073744252374,0.15832514085742827,0.6433495166357016,0.8288030245521777,0.4746818881424978,0.0066134668544307095,0.36666666666666664,0.15874357246943388,0.8665820044983833,0.018404553465661208,0.09572051540321544,0.42115705773561457,0.09332819097922677,0.28763039976404686,0.004016064257028112,0.0745152602687057,0.09123457544236457,0.15474812254059364,0.007202837323319251,0.0491318180684341,1.9191487749716496,1.7601176744678515,0.0,0.05552262305317693,2.2168165425851534,6.83008313569324,0.1444045476552604,0.32904607634752475,0.14093235882704977,0.12416477393058911,0.029954432636022307,0.588008580312684,0.2706107953762659,0.6462415913457245,0.48505192595177254,0.48175723976274,0.039415102247727714,0.321110791365275,0.04735511394276577,0.6642508509730597,0.0412545116465113,0.18545350791647602,0.021739130434782608
"BRITAINE_CONSTABLE",0.1879310344827586,0.0,0.06896551724137931,0.0,0.059482758620689656,0.025,0.0,0.0939655172413793,0.034482758620689655,0.025,0.12844827586206897,0.0,0.0,0.0939655172413793,0.0,0.034482758620689655,0.13793103448275862,0.0,0.0939655172413793,0.034482758620689655,0.0939655172413793,0.0,0.025,0.034482758620689655,0.08448275862068966,0.075,0.0,0.0,0.0,0.06896551724137931,0.0,0.034482758620689655,0.025,0.06896551724137931,0.059482758620689656,0.0,0.034482758620689655,0.05,0.0,0.05,0.0,0.1879310344827586,0.20344827586206898,0.0,0.025,0.2474137931034483,0.7232758620689655,0.0,0.0,0.0,0.0,0.0,0.08448275862068966,0.0,0.025,0.034482758620689655,0.0,0.05,0.0,0.0,0.13448275862068965,0.0,0.05,0.0
"BURGUNDY_EXETER",0.9426732598294203,0.032372859020423486,0.1563458827069142,0.0028653295128939827,0.20917689309523121,0.32756396739204763,0.257331561307206,0.9379409100397639,0.025787965616045846,0.10057808052077392,0.5248786976580674,0.13676846341602789,0.07921967001479896,0.535658056789862,0.19281394610907504,0.30065472042549407,0.08862054850593531,0.0,0.09720895680781066,0.011461318051575931,0.4686640259347996,0.06536532951289398,0.18758755173511618,0.3385220849404231,0.36383774349390396,0.32722051375346506,0.04622719952232846,0.0,0.16310351804621145,0.6453459559118584,0.0,0.04490065808117384,0.22805213464239252,0.0385758251087764,0.06581219905002139,0.0028653295128939827,0.04383417707199942,0.019584999527692937,0.02005730659025788,0.0,0.0028653295128939827,1.0534191347228594,0.8177004651933018,0.018518518518518517,0.0742939009414654,1.1518501529246514,3.048305261808127,0.027114507057200466,0.0444283510186089,0.12198736607762396,0.013854340501904972,0.0028653295128939827,0.14849137252432382,0.16485172473711157,0.11850242509268297,0.06808335461630591,0.3126335725189593,0.0057306590257879654,0.3463586437440306,0.04622719952232846,0.3901608672024145,0.0,0.025315658553480905,0.23150488480001374
"GLOUCESTER_KING HENRY",0.4666666666666667,0.0,0.1,0.0,0.0,0.1,0.1,0.6666666666666667,0.0,0.1,0.3,0.0,0.0,0.30000000000000004,0.0,0.1,0.1,0.0,0.1,0.0,0.4666666666666667,0.0,0.2,0.1,0.1,0.1,0.0,0.0,0.0,0.30000000000000004,0.0,0.1,0.16666666666666666,0.0,0.1,0.0,0.1,0.0,0.0,0.0,0.0,0.30000000000000004,0.3,0.0,0.0,0.4666666666666667,1.4333333333333333,0.0,0.0,0.0,0.0,0.0,0.0,0.1,0.26666666666666666,0.1,0.0,0.0,0.1,0.0,0.0,0.0,0.0,0.0
"NYM_HOSTESS",0.5594579333709768,0.0,0.3905467720685112,0.0,0.48592132505175983,0.19285714285714284,0.125,1.0937747035573122,0.0,0.16751364577451533,0.7623894221720309,0.28978919631093547,0.0,0.8258987389422171,0.0,0.15041407867494824,0.08333333333333333,0.0,0.2994306418219462,0.0,0.885441370223979,0.125,0.0,0.4127329192546584,0.6688923395445134,0.19803312629399586,0.0,0.0,0.20833333333333331,0.39153020892151325,0.05,0.07898550724637682,0.18633540372670807,0.047619047619047616,0.14109730848861285,0.0,0.1789855072463768,0.0644927536231884,0.047619047619047616,0.014492753623188406,0.0,0.6707415772633164,0.7270892151326934,0.014492753623188406,0.0,1.0453792584227366,3.503406738189347,0.0,0.047619047619047616,0.0,0.0,0.125,0.3458592132505176,0.0,0.36295878035008466,0.15734989648033126,0.17261904761904762,0.0,0.10041407867494824,0.0,0.3222567287784679,0.0,0.25615942028985506,0.07142857142857142
"PISTOL_GLOUCESTER",1.5640880432440536,0.0,0.0,0.0,0.0,0.2786037491919845,0.0,0.2870680044593088,0.021739130434782608,0.0,0.2786037491919845,0.9758330757051983,0.0,0.5892224782889744,0.0,0.13043478260869565,0.0,0.0,0.10230179028132992,0.19457013574660634,0.2653288740245262,0.0,0.0,0.47078005115089516,0.47078005115089516,0.0,0.0,0.2,0.0,0.21014492753623187,0.0,0.06521739130434782,0.13574660633484165,0.058823529411764705,0.021739130434782608,0.0,0.0,0.0,0.0,0.0,0.0,2.0404094413685203,0.3893697947406387,0.0,0.021739130434782608,1.5640880432440536,3.1891606475366063,0.0,0.0,0.0,0.125,0.0,0.580546265328874,0.0,0.07692307692307693,0.07692307692307693,0.4525083612040134,0.0,0.0,0.021739130434782608,0.3701589331384728,0.0,0.0,0.043478260869565216
"WILLIAMS_ERPINGHAM",1.5277352132026132,0.0,0.2097211311861744,0.0,0.5352597062534218,0.5202577338869562,0.21466165413533833,1.5016261821446426,0.4180348258706468,0.13215025351710347,0.8220906744473122,0.8030644793802688,0.058102345415778245,1.230982221496754,0.05,0.25792746792354015,0.379004329004329,0.0,0.3793364007032507,0.0,0.6803032853504181,0.1050125313283208,0.05223880597014925,0.544136460554371,0.6546197583511016,0.2661232456990509,0.0,0.0,0.04317697228144989,0.937564059402237,0.0,0.16713144802304267,0.25263157894736843,0.016666666666666666,0.27184463873387676,0.0,0.09211180937418172,0.08635394456289978,0.0,0.0,0.07151741293532338,1.915793979521395,1.5824364166862204,0.29944918265813786,0.007462686567164179,2.0629949194560346,6.100843866790449,0.02631578947368421,0.19037051584184342,0.45031982942430704,0.10659203980099502,0.007462686567164179,0.6122151545757202,0.08333333333333333,0.2364792578461078,0.6039108966445965,0.16222459132906894,0.05572139303482587,0.11492537313432835,0.0907960199004975,0.6156977416403967,0.0,0.11048329779673062,0.0
"MESSENGER_ORLEANS",0.1111111111111111,0.0,0.06666666666666667,0.0,0.0,0.0,0.0,0.1111111111111111,0.0,0.0,0.06666666666666667,0.1111111111111111,0.0,0.13333333333333333,0.0,0.0,0.0,0.0,0.0,0.0,0.1111111111111111,0.0,0.0,0.0,0.0,0.0,0.0,0.0,0.0,0.1111111111111111,0.06666666666666667,0.0,0.0,0.0,0.0,0.0,0.0,0.0,0.0,0.0,0.0,0.1111111111111111,0.0,0.0,0.0,0.1111111111111111,0.4888888888888889,0.0,0.0,0.0,0.0,0.0,0.06666666666666667,0.0,0.0,0.0,0.0,0.0,0.0,0.0,0.0,0.0,0.0,0.0
"QUEEN ISABEL_LORDS",0.23008944543828264,0.0,0.13830649970184855,0.0,0.11488372093023255,0.05162790697674419,0.09008944543828265,0.5188312462731067,0.08838401908169351,0.013333333333333334,0.45335718545020876,0.1,0.03658914728682171,0.2865354800238521,0.011627906976744186,0.07488372093023256,0.02666666666666667,0.0,0.14171735241502684,0.0,0.3519856887298748,0.05008944543828265,0.10342277877161599,0.43026833631484795,0.4935241502683363,0.011627906976744186,0.024961240310077522,0.0,0.06512820512820514,0.2784734645199762,0.046511627906976744,0.03829457364341085,0.0,0.03658914728682171,0.13847346451997616,0.0,0.263422778771616,0.024961240310077522,0.048217054263565894,0.0,0.02666666666666667,0.4284078711985689,0.3550745378652355,0.0,0.07505068574836017,0.34497316636851516,1.4932975551580203,0.0,0.03658914728682171,0.0,0.05008944543828265,0.013333333333333334,0.21163983303518188,0.04,0.1001788908765653,0.08838401908169351,0.0,0.0,0.011627906976744186,0.011627906976744186,0.07488372093023256,0.0,0.06325581395348837,0.024961240310077522
"CANTERBURY_BEDFORD",0.42854379863996706,0.07488021902806297,0.32610529013865297,0.01079136690647482,0.19873360202947812,0.2123665813553101,0.06561894866064451,0.40993551495923486,0.1350639062675597,0.011198974762258436,0.6129199850365254,0.08505988603324165,0.10425803738966129,0.7775872221724686,0.2205135575923117,0.08419480185811624,0.0372752106323155,0.0,0.28444385772918795,0.031033882317886355,0.2556954742180666,0.019707805234959522,0.05309061545381197,0.23094941716009115,0.2994873967544054,0.03274579232033194,0.014388489208633094,0.007194244604316547,0.08323744955037882,0.23929992677440992,0.08946944633117832,0.06294326241134751,0.052162493762524464,0.029694240151589682,0.04847418539457394,0.004106776180698152,0.07095303726316049,0.0,0.10670539566304113,0.0070921985815602835,0.02773203812703286,0.5189408432638084,0.6102130358577245,0.01714476326607057,0.025383371925379004,0.6272774006694452,2.6595175353207003,0.035119776519210166,0.057492669745814906,0.07796768745168137,0.03020389403012956,0.032872894641000336,0.40315625433790886,0.0,0.0113010207850147,0.0678655688395421,0.20095559275807345,0.0314312064519474,0.040541138568292855,0.01714476326607057,0.27599698270582923,0.021378641767437114,0.06853797959431428,0.0
"KING HENRY_LORDS",3.732493808560948,0.12989604646513767,0.7408081319139159,0.17595766181325465,1.0839731466426303,0.6422321080377094,1.0083051013270983,3.4294590986594007,0.4111948190473269,0.421648396953485,1.6181925944748656,1.1019340527523682,0.2696718308092331,2.8253501470624633,0.6268108526208578,1.6200332047996309,0.5472699983676655,0.0,1.32936258925653,0.01740860460647932,2.3807455740584937,0.5160306826346508,0.15988993888662767,2.2542654265193893,2.481833744960538,0.4029721354675068,0.1470399708572805,0.022884491283985814,0.16007580611174707,1.9677813221521376,0.1640272774202612,0.5390187863433245,1.3000879464693342,0.1905858538136564,0.45715317651357534,0.010506190133646311,0.3901483610071537,0.0983852088560596,0.4195533697001391,0.0,0.0023094688221709007,3.979289542472737,3.5049255498209497,0.09719387755102041,0.5870565736866891,4.816466955203578,14.018970534509192,0.16561184613275282,0.38066487759012035,0.4180806182739996,0.1402840106162822,0.1,1.153339844798056,0.185715139844211,0.9635447673190223,0.8346312261713434,0.6553351136842334,0.07658500238241196,0.3401314052950136,0.13124581087326706,1.974568071965185,0.01278966696213752,0.22756831844114792,0.9392624174493928
"KING HENRY_ALL",0.14285714285714285,0.02040816326530612,0.02040816326530612,0.0,0.02040816326530612,0.14285714285714285,0.0,0.0,0.12244897959183673,0.02040816326530612,0.0,0.04081632653061224,0.04081632653061224,0.02040816326530612,0.061224489795918366,0.14285714285714285,0.0,0.0,0.10204081632653061,0.02040816326530612,0.0,0.0,0.08163265306122448,0.0,0.0,0.0,0.04081632653061224,0.02040816326530612,0.0,0.0,0.0,0.0,0.02040816326530612,0.0,0.02040816326530612,0.0,0.0,0.0,0.0,0.0,0.0,0.02040816326530612,0.14285714285714285,0.02040816326530612,0.16326530612244897,0.0,0.46938775510204084,0.0,0.04081632653061224,0.0,0.0,0.0,0.02040816326530612,0.0,0.061224489795918366,0.02040816326530612,0.0,0.0,0.0,0.0,0.04081632653061224,0.0,0.0,0.0
"SALISBURY_BEDFORD",0.23254237288135593,0.0,0.09694915254237288,0.0,0.0,0.07389830508474576,0.0,0.09694915254237288,0.09084745762711866,0.0,0.19389830508474576,0.01694915254237288,0.0,0.2447457627118644,0.056949152542372886,0.01694915254237288,0.09084745762711866,0.0,0.14779661016949153,0.0,0.09694915254237288,0.0,0.04,0.12474576271186441,0.1816949152542373,0.0,0.0,0.0,0.0,0.04,0.0,0.01694915254237288,0.0847457627118644,0.0,0.0,0.0,0.0,0.04,0.0,0.0,0.0,0.19864406779661017,0.2216949152542373,0.0,0.0,0.23254237288135593,0.6989830508474576,0.0,0.07389830508474576,0.0,0.0,0.0,0.01694915254237288,0.0,0.056949152542372886,0.0,0.0,0.0,0.01694915254237288,0.0,0.03389830508474576,0.01694915254237288,0.056949152542372886,0.0
"CHORUS_EXETER",0.058333333333333334,0.008333333333333333,0.075,0.0,0.041666666666666664,0.10833333333333334,0.016666666666666666,0.008333333333333333,0.058333333333333334,0.03333333333333333,0.0,0.1,0.041666666666666664,0.0,0.041666666666666664,0.06666666666666667,0.008333333333333333,0.008333333333333333,0.008333333333333333,0.016666666666666666,0.016666666666666666,0.016666666666666666,0.016666666666666666,0.008333333333333333,0.0,0.025,0.03333333333333333,0.041666666666666664,0.008333333333333333,0.0,0.03333333333333333,0.0,0.0,0.041666666666666664,0.008333333333333333,0.0,0.0,0.0,0.06666666666666667,0.0,0.0,0.016666666666666666,0.10833333333333334,0.0,0.1,0.008333333333333333,0.31666666666666665,0.008333333333333333,0.008333333333333333,0.008333333333333333,0.0,0.008333333333333333,0.041666666666666664,0.0,0.0,0.008333333333333333,0.0,0.0,0.0,0.016666666666666666,0.05,0.0,0.008333333333333333,0.0
"KING HENRY_PISTOL",0.7873015873015873,0.0,0.05555555555555555,0.0,0.1111111111111111,0.05555555555555555,0.0,0.744047619047619,0.0,0.0,0.1111111111111111,0.5873015873015872,0.0,0.4583333333333333,0.0,0.05555555555555555,0.0,0.0,0.1111111111111111,0.0,0.6329365079365079,0.0,0.0,0.5555555555555556,0.5555555555555556,0.05555555555555555,0.0,0.3333333333333333,0.0,0.6329365079365079,0.0,0.05555555555555555,0.0,0.125,0.0,0.0,0.0,0.0,0.1111111111111111,0.0,0.0,1.2456349206349207,0.16666666666666666,0.0,0.0,0.8984126984126984,3.003174603174603,0.0,0.0,0.0,0.125,0.0,0.6150793650793651,0.0,0.0,0.39841269841269844,0.2,0.0,0.05555555555555555,0.0,0.14285714285714285,0.0,0.0,0.0
"JAMY_FLUELLEN",0.10587686567164178,0.0,0.0,0.0,0.10110074626865673,0.13992537313432835,0.19485074626865673,0.22190298507462689,0.014925373134328358,0.0,0.15485074626865672,0.04617537313432836,0.0,0.13712686567164178,0.0,0.014925373134328358,0.0,0.0,0.07742537313432836,0.03125,0.1771268656716418,0.17992537313432835,0.014925373134328358,0.0,0.05492537313432836,0.029850746268656716,0.03125,0.0,0.014925373134328358,0.09970149253731343,0.0,0.014925373134328358,0.04477611940298507,0.029850746268656716,0.13712686567164178,0.0,0.014925373134328358,0.0,0.0,0.0,0.014925373134328358,0.21595149253731344,0.21455223880597013,0.0,0.0,0.2069776119402985,0.6271082089552239,0.0,0.0,0.014925373134328358,0.0,0.0,0.08477611940298507,0.014925373134328358,0.07602611940298507,0.0,0.0,0.014925373134328358,0.0,0.0,0.13712686567164178,0.0,0.05492537313432836,0.0
"ORLEANS_DAUPHIN",0.46888618627749057,0.0,0.41109253065774803,0.0,0.25757575757575757,0.4677206851119894,0.2159090909090909,0.9349853045505219,0.3973244147157191,0.0,1.0132005675483937,0.0,0.0,1.0876659572311747,0.3333333333333333,0.043478260869565216,0.21772068511198947,0.0,0.16783216783216784,0.0,0.618779770953684,0.09090909090909091,0.0,0.6038461538461539,0.6473244147157191,0.07692307692307693,0.0,0.0,0.22529644268774704,0.4560656734569778,0.0,0.0,0.16025641025641024,0.07692307692307693,0.16387959866220736,0.0,0.09090909090909091,0.043478260869565216,0.16783216783216784,0.0,0.0,0.6904479578392622,0.6187797709536841,0.27692307692307694,0.2,0.7264619438532481,4.157753116448769,0.0,0.16666666666666666,0.043478260869565216,0.0,0.0,0.5956977804803891,0.125,0.043478260869565216,0.41131042870173307,0.09090909090909091,0.0,0.16666666666666666,0.043478260869565216,0.32167832167832167,0.0,0.043478260869565216,0.0
"AMBASSADOR_WESTMORELAND",0.23845152895250488,0.0,0.12556929082628498,0.0,0.07221860767729343,0.02830188679245283,0.018867924528301886,0.16005204944697463,0.03773584905660377,0.0,0.1727391021470397,0.09108653220559532,0.009433962264150943,0.22608978529603124,0.009433962264150943,0.0,0.14736499674690956,0.0,0.14118412491867274,0.034482758620689655,0.11613532856213403,0.009433962264150943,0.0,0.07221860767729343,0.07221860767729343,0.0,0.0,0.0,0.009433962264150943,0.09726740403383213,0.0,0.0,0.0,0.009433962264150943,0.009433962264150943,0.0,0.018867924528301886,0.0,0.009433962264150943,0.0,0.0,0.3106701366297983,0.21340273259596615,0.0,0.0,0.3106701366297983,0.8477553675992193,0.0,0.009433962264150943,0.043916720884840596,0.0,0.0,0.05660377358490566,0.0,0.034482758620689655,0.03773584905660377,0.0,0.0,0.018867924528301886,0.0,0.05335068314899154,0.0,0.0,0.0
"GOWER_BARDOLPH",0.27519779841761266,0.0,0.2777777777777778,0.0,0.3468253968253968,0.11145510835913312,0.21929824561403508,0.8349722345078383,0.2222222222222222,0.21637426900584794,0.5490073222271364,0.27519779841761266,0.0,0.3007518796992481,0.03571428571428571,0.0,0.0,0.0,0.39891395154553044,0.0,0.45208855472013365,0.21929824561403508,0.0,0.03571428571428571,0.1468253968253968,0.0,0.0,0.0,0.058823529411764705,0.3597744360902255,0.0,0.0,0.0,0.0,0.0,0.0,0.12406015037593984,0.0,0.058823529411764705,0.0,0.0,0.43497223450783823,0.8510025062656641,0.0,0.0,0.6220231952430095,2.255459727750749,0.0,0.08834586466165413,0.2,0.0,0.0,0.492407489311514,0.0,0.21637426900584794,0.09453781512605042,0.0,0.0,0.0,0.0,0.07142857142857142,0.0,0.1111111111111111,0.0
"COURT_FLUELLEN",0.0,0.0,0.0,0.0,0.16666666666666666,0.0,0.0,0.0,0.08333333333333333,0.0,0.0,0.08333333333333333,0.0,0.0,0.0,0.0,0.0,0.0,0.0,0.08333333333333333,0.0,0.0,0.08333333333333333,0.0,0.0,0.0,0.0,0.08333333333333333,0.08333333333333333,0.0,0.0,0.0,0.0,0.0,0.0,0.0,0.0,0.08333333333333333,0.0,0.0,0.0,0.08333333333333333,0.08333333333333333,0.0,0.16666666666666666,0.0,0.4166666666666667,0.0,0.0,0.0,0.0,0.0,0.0,0.0,0.0,0.0,0.0,0.0,0.0,0.0,0.0,0.0,0.0,0.0
"CANTERBURY_EXETER",0.42854379863996706,0.07488021902806297,0.32610529013865297,0.01079136690647482,0.19873360202947812,0.2123665813553101,0.06561894866064451,0.40993551495923486,0.1350639062675597,0.011198974762258436,0.6129199850365254,0.08505988603324165,0.10425803738966129,0.7775872221724686,0.2205135575923117,0.08419480185811624,0.0372752106323155,0.0,0.28444385772918795,0.031033882317886355,0.2556954742180666,0.019707805234959522,0.05309061545381197,0.23094941716009115,0.2994873967544054,0.03274579232033194,0.014388489208633094,0.007194244604316547,0.08323744955037882,0.23929992677440992,0.08946944633117832,0.06294326241134751,0.052162493762524464,0.029694240151589682,0.04847418539457394,0.004106776180698152,0.07095303726316049,0.0,0.10670539566304113,0.0070921985815602835,0.02773203812703286,0.5189408432638084,0.6102130358577245,0.01714476326607057,0.025383371925379004,0.6272774006694452,2.6595175353207003,0.035119776519210166,0.057492669745814906,0.07796768745168137,0.03020389403012956,0.032872894641000336,0.40315625433790886,0.0,0.0113010207850147,0.0678655688395421,0.20095559275807345,0.0314312064519474,0.040541138568292855,0.01714476326607057,0.27599698270582923,0.021378641767437114,0.06853797959431428,0.0
"KING HENRY_HERALD",0.2292124542124542,0.02564102564102564,0.10604395604395604,0.0,0.20714285714285716,0.058424908424908426,0.0,0.5736568986568986,0.0727106227106227,0.0,0.20137362637362638,0.010714285714285714,0.0,0.6484432234432234,0.08818681318681318,0.13253968253968254,0.17445054945054944,0.0,0.25375457875457874,0.0035714285714285713,0.33199023199023203,0.0,0.007142857142857143,0.19532967032967036,0.39929792429792427,0.1261904761904762,0.0,0.0035714285714285713,0.18571428571428572,0.32896825396825397,0.05714285714285714,0.010714285714285714,0.0035714285714285713,0.0,0.13333333333333333,0.0,0.036904761904761905,0.075,0.04047619047619048,0.0,0.1807997557997558,0.47747252747252744,0.6205128205128205,0.0,0.10357142857142858,0.43635531135531136,2.0681013431013433,0.0,0.03635531135531135,0.075,0.032783882783882785,0.007142857142857143,0.17658730158730157,0.0,0.0,0.07683150183150184,0.03333333333333333,0.02564102564102564,0.010714285714285714,0.11825396825396825,0.26804029304029303,0.0,0.20396825396825397,0.0035714285714285713
"BEDFORD_ERPINGHAM",0.2833333333333333,0.0,0.23076923076923078,0.0,0.0,0.0,0.1,0.2602564102564103,0.15384615384615385,0.0,0.41410256410256413,0.08333333333333333,0.0,0.5679487179487179,0.0,0.0,0.0,0.0,0.24358974358974358,0.0,0.17692307692307693,0.0,0.1,0.3269230769230769,0.4269230769230769,0.0,0.0,0.0,0.0,0.2602564102564103,0.0,0.0,0.0,0.0,0.08333333333333333,0.0,0.18333333333333335,0.1,0.0,0.0,0.0,0.2833333333333333,0.3269230769230769,0.0,0.0,0.2833333333333333,1.2653846153846153,0.0,0.0,0.0,0.0,0.0,0.0,0.1,0.0,0.0,0.1,0.0,0.0,0.0,0.23717948717948717,0.0,0.1,0.0
"FLUELLEN_JAMY",0.3468102685844622,0.1155157566447889,0.27804775869292,0.0,0.046973188102220356,0.08467160080063306,0.1427128427128427,0.5786063398966624,0.1637120048410371,0.03225806451612903,0.36271935949355305,0.24799376250989155,0.03225806451612903,0.714104175394498,0.1,0.0,0.0,0.0,0.150840199227296,0.0,0.3312223618675232,0.0,0.0,0.3611506772797095,0.463603779732812,0.08225806451612903,0.1,0.012987012987012988,0.016129032258064516,0.3999127216869152,0.0,0.0,0.06310222036028487,0.027777777777777776,0.08593422706325933,0.0,0.0,0.10245310245310245,0.08333333333333333,0.0,0.04076479076479077,0.4380044686496299,0.6138947074430946,0.017857142857142856,0.0,0.39378345668668246,2.2954941116231438,0.025974025974025976,0.0,0.11797235023041475,0.05184331797235023,0.0,0.28060559512172417,0.11673881673881674,0.09087999813806265,0.16417748917748917,0.05357142857142857,0.0,0.06612903225806452,0.0,0.3473909602941861,0.0,0.10245310245310245,0.0
"MACMORRIS_FLUELLEN",0.3506792440296277,0.0,0.23515129371906865,0.0,0.03116883116883117,0.04935064935064935,0.05714285714285714,0.3031620553359684,0.00909090909090909,0.0,0.284501943069718,0.043478260869565216,0.0,0.215527950310559,0.012987012987012988,0.15256916996047432,0.02727272727272727,0.0,0.20122230710466005,0.0,0.23370976849237718,0.012987012987012988,0.0,0.10903444381705252,0.21828810575613644,0.043478260869565216,0.0,0.0,0.08311688311688312,0.15838509316770186,0.0,0.08763410502540937,0.27992825588733516,0.00909090909090909,0.0,0.0,0.0,0.08198093466635666,0.00909090909090909,0.0,0.0,0.15838509316770186,0.3628259208821869,0.0,0.0,0.38184807519845887,1.4470820739362937,0.04415584415584416,0.00909090909090909,0.043478260869565216,0.043478260869565216,0.0,0.23301225628591357,0.0,0.043478260869565216,0.11101072840203274,0.0,0.0,0.07075098814229248,0.06493506493506493,0.31934766001262166,0.02727272727272727,0.10925366193908392,0.0
"FRENCH KING_ALICE",0.750120247352331,0.06850459482038429,0.034482758620689655,0.015873015873015872,0.16875522138680032,0.13088229404461532,0.09061903426916043,0.5226248688724895,0.2902473734096947,0.0,0.2423868755151124,0.32448275862068965,0.16374269005847952,0.5108505213130949,0.034482758620689655,0.09613627564847077,0.16580231065468548,0.0,0.32615483199166967,0.0,0.37963751543141566,0.0,0.12510179288985007,0.42666279519938055,0.5087646014391178,0.07702182284980744,0.06896551724137931,0.015873015873015872,0.04,0.40560304602268216,0.06439024390243903,0.0802632597754549,0.10298735344107394,0.024390243902439025,0.06439024390243903,0.0,0.06850459482038429,0.08210180623973727,0.05613627564847077,0.0,0.05035577449370553,0.9044053433274806,0.9319127367057959,0.0,0.1085045948203843,0.9188754687391312,2.649889238093833,0.0,0.2359496442255063,0.15989159891598914,0.0,0.0,0.13361902091927325,0.07474601839614456,0.07702182284980744,0.06850459482038429,0.031746031746031744,0.0,0.10298735344107394,0.015873015873015872,0.18077714611732582,0.0,0.08210180623973727,0.0
"ALICE_KATHERINE",0.0,0.0,0.05555555555555555,0.0,0.047619047619047616,0.0,0.16666666666666666,0.25396825396825395,0.16666666666666666,0.0,0.05555555555555555,0.0,0.0,0.15873015873015872,0.0,0.47777777777777775,0.0,0.0,0.0,0.0,0.25396825396825395,0.0,0.0,0.08333333333333333,0.08333333333333333,0.047619047619047616,0.0,0.0,0.0,0.15079365079365079,0.0,0.47777777777777775,0.0,0.0,0.0,0.0,0.0,0.0,0.0,0.0,0.0,0.09523809523809523,0.047619047619047616,0.0,0.0,0.047619047619047616,0.6746031746031746,0.1111111111111111,0.0,0.0,0.047619047619047616,0.0,0.0,0.0,0.0,0.0,0.0,0.0,0.047619047619047616,0.0,0.0,0.0,0.0,0.0
"GOWER_WILLIAMS",0.125,0.0,0.0,0.0,0.0,0.25,0.125,0.0,0.0,0.0,0.0,0.125,0.125,0.125,0.0,0.0,0.0,0.0,0.0,0.0,0.0,0.0,0.0,0.0,0.0,0.0,0.0,0.0,0.0,0.0,0.0,0.0,0.0,0.0,0.0,0.0,0.0,0.0,0.0,0.0,0.0,0.125,0.0,0.0,0.125,0.0,0.25,0.0,0.0,0.0,0.0,0.0,0.0,0.0,0.0,0.125,0.0,0.0,0.125,0.0,0.0,0.0,0.125,0.0
"FLUELLEN_NYM",0.5534867769896242,0.1372548870795715,0.4194036962772494,0.0,0.18218068475550014,0.11497463110366336,0.20059655146087835,1.0203152043399428,0.21923845848168666,0.044306257287213366,0.5040752970778825,0.3905799174061565,0.03225806451612903,0.9712275304748986,0.1,0.021739130434782608,0.0,0.0,0.150840199227296,0.012048192771084338,0.7029993247916835,0.0,0.030303030303030304,0.37319887005079383,0.5094392957097633,0.25361013948266187,0.11204819277108434,0.012987012987012988,0.016129032258064516,0.7957860701532444,0.012048192771084338,0.021739130434782608,0.06310222036028487,0.027777777777777776,0.110030612605428,0.0,0.030303030303030304,0.13624042565896938,0.08333333333333333,0.021739130434782608,0.0528129835358751,0.7002074306954418,0.843130491157663,0.017857142857142856,0.0,0.7356674617451245,3.8081640271217654,0.025974025974025976,0.012048192771084338,0.13002054300149907,0.05184331797235023,0.0,0.5377289502021247,0.17462252548685236,0.13671551411501393,0.18827387471965784,0.13083701264686073,0.0,0.24717204488829553,0.0,0.3932264762711374,0.0,0.13624042565896938,0.021739130434782608
"GRANDPRE_RAMBURES",0.09859154929577464,0.0,0.04929577464788732,0.007042253521126761,0.02112676056338028,0.09154929577464789,0.0,0.028169014084507043,0.035211267605633804,0.007042253521126761,0.0,0.11267605633802817,0.04929577464788732,0.007042253521126761,0.028169014084507043,0.09859154929577464,0.014084507042253521,0.06338028169014084,0.007042253521126761,0.035211267605633804,0.0,0.007042253521126761,0.028169014084507043,0.02112676056338028,0.0,0.07746478873239436,0.014084507042253521,0.04929577464788732,0.0,0.0,0.0,0.04225352112676056,0.007042253521126761,0.0,0.007042253521126761,0.0,0.02112676056338028,0.007042253521126761,0.0,0.0,0.007042253521126761,0.035211267605633804,0.04929577464788732,0.0,0.11971830985915492,0.0,0.3591549295774648,0.014084507042253521,0.007042253521126761,0.014084507042253521,0.0,0.007042253521126761,0.0,0.014084507042253521,0.0,0.028169014084507043,0.0,0.028169014084507043,0.007042253521126761,0.007042253521126761,0.04225352112676056,0.02112676056338028,0.035211267605633804,0.0
"GLOUCESTER_GOWER",0.30000000000000004,0.0,0.1,0.0,0.0,0.1,0.1,0.5,0.0,0.1,0.3,0.0,0.0,0.30000000000000004,0.0,0.1,0.1,0.0,0.1,0.0,0.30000000000000004,0.0,0.2,0.1,0.1,0.1,0.0,0.0,0.0,0.30000000000000004,0.0,0.1,0.0,0.0,0.1,0.0,0.1,0.0,0.0,0.0,0.0,0.30000000000000004,0.3,0.0,0.0,0.30000000000000004,1.1,0.0,0.0,0.0,0.0,0.0,0.0,0.1,0.1,0.1,0.0,0.0,0.1,0.0,0.0,0.0,0.0,0.0
"WILLIAMS_FLUELLEN",2.6889558332922783,0.0,0.3189658607655522,0.014705882352941176,1.1128528068687602,0.6409799358112042,0.24364716138171513,3.0591205726790442,0.5755978510807308,0.24257766692904156,1.1313316884652995,1.132896412153378,0.17112992933070015,1.9693757741345306,0.09761904761904762,0.4159739289545259,0.379004329004329,0.0,0.6320654805444722,0.0,1.73058308776512,0.1339980385746976,0.05223880597014925,0.7553419744474743,1.0404751321881824,0.4204551774400597,0.0,0.01694915254237288,0.20123901802826744,1.6296465077094888,0.05,0.26068515543084,0.9544697872661351,0.09782608695652173,0.44438385338805086,0.0,0.18609177424148457,0.2462979221539362,0.08115942028985507,0.0,0.13601016655851178,2.635055449769037,2.581585965967982,0.29944918265813786,0.007462686567164179,3.8018086401610374,10.473063308596783,0.02631578947368421,0.2524823170840794,0.8027007818052594,0.13824707469630906,0.007462686567164179,0.7996733803125883,0.08333333333333333,0.7509720114692962,0.6353528028101577,0.4046588826579807,0.19857853589196872,0.5495192106693423,0.15528877352368592,1.0537993130789138,0.0,0.28513315774070824,0.0
"BOY_FLUELLEN",0.05818181818181818,0.0036363636363636364,0.02181818181818182,0.0,0.04,0.10181818181818182,0.025454545454545455,0.01818181818181818,0.09454545454545454,0.04363636363636364,0.02909090909090909,0.04727272727272727,0.04363636363636364,0.0,0.04363636363636364,0.11272727272727273,0.0036363636363636364,0.02181818181818182,0.0,0.04363636363636364,0.007272727272727273,0.0036363636363636364,0.06545454545454546,0.0036363636363636364,0.01090909090909091,0.02909090909090909,0.007272727272727273,0.02909090909090909,0.02909090909090909,0.0,0.02909090909090909,0.014545454545454545,0.01818181818181818,0.007272727272727273,0.01818181818181818,0.0036363636363636364,0.01090909090909091,0.01090909090909091,0.007272727272727273,0.0,0.0036363636363636364,0.01090909090909091,0.14181818181818182,0.0,0.09818181818181818,0.0036363636363636364,0.44,0.0,0.02181818181818182,0.007272727272727273,0.0,0.0036363636363636364,0.014545454545454545,0.0036363636363636364,0.025454545454545455,0.007272727272727273,0.02181818181818182,0.007272727272727273,0.014545454545454545,0.0,0.07272727272727272,0.0,0.03636363636363636,0.0
"JAMY_PISTOL",0.10587686567164178,0.0,0.0,0.0,0.10110074626865673,0.13992537313432835,0.19485074626865673,0.22190298507462689,0.014925373134328358,0.0,0.15485074626865672,0.04617537313432836,0.0,0.13712686567164178,0.0,0.014925373134328358,0.0,0.0,0.07742537313432836,0.03125,0.1771268656716418,0.17992537313432835,0.014925373134328358,0.0,0.05492537313432836,0.029850746268656716,0.03125,0.0,0.014925373134328358,0.09970149253731343,0.0,0.014925373134328358,0.04477611940298507,0.029850746268656716,0.13712686567164178,0.0,0.014925373134328358,0.0,0.0,0.0,0.014925373134328358,0.21595149253731344,0.21455223880597013,0.0,0.0,0.2069776119402985,0.6271082089552239,0.0,0.0,0.014925373134328358,0.0,0.0,0.08477611940298507,0.014925373134328358,0.07602611940298507,0.0,0.0,0.014925373134328358,0.0,0.0,0.13712686567164178,0.0,0.05492537313432836,0.0
"FLUELLEN_WARWICK",1.20670360461695,0.049188640973630834,0.48038900002534096,0.0,0.7039634574849148,0.20628380239073166,0.20153414540537454,1.9292280946706357,0.15694762753586283,0.12729150998386649,0.7502153678460411,0.31041288566243197,0.020833333333333332,1.1271410539118567,0.08901171423857449,0.2794392840690271,0.09090909090909091,0.0,0.5182504043708904,0.01639344262295082,1.570898157752389,0.03491196114146934,0.01639344262295082,1.143920724746614,1.425171163990412,0.1774310634128936,0.01639344262295082,0.11724137931034484,0.15147375393277032,1.2846862761914728,0.03478523895946763,0.1727141378701967,0.3043135170070155,0.03278688524590164,0.1240400100218402,0.02631578947368421,0.06354256542996836,0.2812504392437979,0.08298036447303056,0.0,0.0625,1.5944851570127652,1.2714034671526722,0.0,0.05555555555555555,1.9106670621018644,6.733604885625825,0.0,0.053826597703164725,0.21512150968578925,0.05497701472933671,0.0,1.0442226371018806,0.12306501547987617,0.3762360446570973,0.21995544182776952,0.619701406383375,0.05427841634738186,0.1714971108845138,0.0804093567251462,0.7492390220819704,0.0,0.2812504392437979,0.0
"HOSTESS_BOY",0.32418493881908517,0.037037037037037035,0.0709349593495935,0.0,0.31440185830429734,0.15426829268292683,0.30905395417590537,0.7292269383732799,0.0709349593495935,0.09308943089430893,0.36778352632011163,0.09090909090909091,0.004878048780487805,0.35538515233637186,0.004878048780487805,0.06630532971996386,0.0,0.0,0.14699638663053297,0.004878048780487805,0.5252193831462123,0.0,0.00975609756097561,0.11042128603104213,0.16209246940954258,0.20403600464576072,0.004878048780487805,0.09090909090909091,0.41460511033681763,0.1844953601051162,0.06142728093947606,0.06630532971996386,0.13770222550710357,0.004878048780487805,0.10772357723577236,0.0,0.14258027428759137,0.04191508581752484,0.0,0.004878048780487805,0.037037037037037035,0.6236757822123676,0.7431507291263388,0.0,0.12794612794612795,0.6385867971233825,2.446837421837422,0.02926829268292683,0.1347560975609756,0.01951219512195122,0.05630081300813008,0.004878048780487805,0.26050135501355015,0.09308943089430893,0.04191508581752484,0.024390243902439025,0.21081752484191507,0.0,0.2408246225319396,0.0,0.2176829268292683,0.0,0.05167118337850045,0.0
"BURGUNDY_WESTMORELAND",0.9426732598294203,0.032372859020423486,0.1563458827069142,0.0028653295128939827,0.20917689309523121,0.32756396739204763,0.257331561307206,0.9379409100397639,0.025787965616045846,0.10057808052077392,0.5248786976580674,0.13676846341602789,0.07921967001479896,0.535658056789862,0.19281394610907504,0.30065472042549407,0.08862054850593531,0.0,0.09720895680781066,0.011461318051575931,0.4686640259347996,0.06536532951289398,0.18758755173511618,0.3385220849404231,0.36383774349390396,0.32722051375346506,0.04622719952232846,0.0,0.16310351804621145,0.6453459559118584,0.0,0.04490065808117384,0.22805213464239252,0.0385758251087764,0.06581219905002139,0.0028653295128939827,0.04383417707199942,0.019584999527692937,0.02005730659025788,0.0,0.0028653295128939827,1.0534191347228594,0.8177004651933018,0.018518518518518517,0.0742939009414654,1.1518501529246514,3.048305261808127,0.027114507057200466,0.0444283510186089,0.12198736607762396,0.013854340501904972,0.0028653295128939827,0.14849137252432382,0.16485172473711157,0.11850242509268297,0.06808335461630591,0.3126335725189593,0.0057306590257879654,0.3463586437440306,0.04622719952232846,0.3901608672024145,0.0,0.025315658553480905,0.23150488480001374
"FRENCH KING_KATHERINE",0.750120247352331,0.06850459482038429,0.034482758620689655,0.015873015873015872,0.16875522138680032,0.13088229404461532,0.09061903426916043,0.5226248688724895,0.2902473734096947,0.0,0.2423868755151124,0.32448275862068965,0.16374269005847952,0.5108505213130949,0.034482758620689655,0.09613627564847077,0.16580231065468548,0.0,0.32615483199166967,0.0,0.37963751543141566,0.0,0.12510179288985007,0.42666279519938055,0.5087646014391178,0.07702182284980744,0.06896551724137931,0.015873015873015872,0.04,0.40560304602268216,0.06439024390243903,0.0802632597754549,0.10298735344107394,0.024390243902439025,0.06439024390243903,0.0,0.06850459482038429,0.08210180623973727,0.05613627564847077,0.0,0.05035577449370553,0.9044053433274806,0.9319127367057959,0.0,0.1085045948203843,0.9188754687391312,2.649889238093833,0.0,0.2359496442255063,0.15989159891598914,0.0,0.0,0.13361902091927325,0.07474601839614456,0.07702182284980744,0.06850459482038429,0.031746031746031744,0.0,0.10298735344107394,0.015873015873015872,0.18077714611732582,0.0,0.08210180623973727,0.0
"AMBASSADOR_KING HENRY",0.23845152895250488,0.0,0.12556929082628498,0.0,0.07221860767729343,0.02830188679245283,0.018867924528301886,0.16005204944697463,0.03773584905660377,0.0,0.1727391021470397,0.09108653220559532,0.009433962264150943,0.22608978529603124,0.009433962264150943,0.0,0.14736499674690956,0.0,0.14118412491867274,0.034482758620689655,0.11613532856213403,0.009433962264150943,0.0,0.07221860767729343,0.07221860767729343,0.0,0.0,0.0,0.009433962264150943,0.09726740403383213,0.0,0.0,0.0,0.009433962264150943,0.009433962264150943,0.0,0.018867924528301886,0.0,0.009433962264150943,0.0,0.0,0.3106701366297983,0.21340273259596615,0.0,0.0,0.3106701366297983,0.8477553675992193,0.0,0.009433962264150943,0.043916720884840596,0.0,0.0,0.05660377358490566,0.0,0.034482758620689655,0.03773584905660377,0.0,0.0,0.018867924528301886,0.0,0.05335068314899154,0.0,0.0,0.0
"QUEEN ISABEL_EXETER",0.23008944543828264,0.0,0.13830649970184855,0.0,0.11488372093023255,0.05162790697674419,0.09008944543828265,0.5188312462731067,0.08838401908169351,0.013333333333333334,0.45335718545020876,0.1,0.03658914728682171,0.2865354800238521,0.011627906976744186,0.07488372093023256,0.02666666666666667,0.0,0.14171735241502684,0.0,0.3519856887298748,0.05008944543828265,0.10342277877161599,0.43026833631484795,0.4935241502683363,0.011627906976744186,0.024961240310077522,0.0,0.06512820512820514,0.2784734645199762,0.046511627906976744,0.03829457364341085,0.0,0.03658914728682171,0.13847346451997616,0.0,0.263422778771616,0.024961240310077522,0.048217054263565894,0.0,0.02666666666666667,0.4284078711985689,0.3550745378652355,0.0,0.07505068574836017,0.34497316636851516,1.4932975551580203,0.0,0.03658914728682171,0.0,0.05008944543828265,0.013333333333333334,0.21163983303518188,0.04,0.1001788908765653,0.08838401908169351,0.0,0.0,0.011627906976744186,0.011627906976744186,0.07488372093023256,0.0,0.06325581395348837,0.024961240310077522
"GLOUCESTER_WESTMORELAND",0.0,0.0,0.0,0.0,0.0,0.0,0.0,0.0,0.2,0.0,0.0,0.0,0.0,0.0,0.0,0.0,0.0,0.0,0.0,0.2,0.0,0.0,0.2,0.0,0.0,0.0,0.0,0.2,0.0,0.0,0.0,0.0,0.0,0.0,0.0,0.0,0.0,0.0,0.0,0.0,0.0,0.0,0.0,0.0,0.0,0.0,0.4,0.0,0.0,0.0,0.0,0.0,0.0,0.0,0.0,0.0,0.0,0.0,0.0,0.0,0.0,0.0,0.0,0.0
"BURGUNDY_KATHERINE",0.9426732598294203,0.032372859020423486,0.1563458827069142,0.0028653295128939827,0.20917689309523121,0.32756396739204763,0.257331561307206,0.9379409100397639,0.025787965616045846,0.10057808052077392,0.5248786976580674,0.13676846341602789,0.07921967001479896,0.535658056789862,0.19281394610907504,0.30065472042549407,0.08862054850593531,0.0,0.09720895680781066,0.011461318051575931,0.4686640259347996,0.06536532951289398,0.18758755173511618,0.3385220849404231,0.36383774349390396,0.32722051375346506,0.04622719952232846,0.0,0.16310351804621145,0.6453459559118584,0.0,0.04490065808117384,0.22805213464239252,0.0385758251087764,0.06581219905002139,0.0028653295128939827,0.04383417707199942,0.019584999527692937,0.02005730659025788,0.0,0.0028653295128939827,1.0534191347228594,0.8177004651933018,0.018518518518518517,0.0742939009414654,1.1518501529246514,3.048305261808127,0.027114507057200466,0.0444283510186089,0.12198736607762396,0.013854340501904972,0.0028653295128939827,0.14849137252432382,0.16485172473711157,0.11850242509268297,0.06808335461630591,0.3126335725189593,0.0057306590257879654,0.3463586437440306,0.04622719952232846,0.3901608672024145,0.0,0.025315658553480905,0.23150488480001374
"EXETER_ERPINGHAM",0.18010752688172044,0.0,0.0,0.0,0.03225806451612903,0.06451612903225806,0.0,0.11559139784946236,0.16666666666666666,0.08333333333333333,0.06451612903225806,0.0967741935483871,0.0,0.3279569892473118,0.03225806451612903,0.0,0.0,0.0,0.0,0.03225806451612903,0.11559139784946236,0.0,0.08333333333333333,0.06451612903225806,0.0967741935483871,0.0,0.0,0.0,0.0,0.11559139784946236,0.16666666666666666,0.0,0.0,0.0,0.0,0.0,0.0,0.0,0.0,0.0,0.0,0.18010752688172044,0.23118279569892472,0.0,0.0,0.21236559139784944,0.9704301075268817,0.0,0.11559139784946236,0.0,0.0,0.0,0.03225806451612903,0.0,0.0,0.03225806451612903,0.0,0.0,0.0,0.0,0.0,0.0,0.03225806451612903,0.0
"GOWER_GLOUCESTER",0.15384615384615385,0.0,0.2,0.0,0.0,0.07692307692307693,0.35384615384615387,0.35384615384615387,0.07692307692307693,0.0,0.27692307692307694,0.07692307692307693,0.0,0.0,0.0,0.0,0.0,0.0,0.0,0.0,0.27692307692307694,0.35384615384615387,0.0,0.0,0.27692307692307694,0.0,0.0,0.0,0.0,0.15384615384615385,0.0,0.0,0.0,0.0,0.0,0.0,0.0,0.07692307692307693,0.0,0.0,0.0,0.5076923076923077,0.07692307692307693,0.0,0.0,0.15384615384615385,0.5846153846153846,0.0,0.07692307692307693,0.0,0.0,0.2,0.07692307692307693,0.0,0.2,0.0,0.07692307692307693,0.0,0.0,0.0,0.0,0.0,0.27692307692307694,0.0
"BATES_ERPINGHAM",0.5564726894273924,0.0,0.10439024390243903,0.0,0.10321377331420373,0.15584535226157215,0.0,1.017308154048023,0.11044715447154471,0.41876678628140435,0.26023559616401115,0.08695652173913043,0.12669203418376895,0.6987868515715713,0.0,0.05263157894736842,0.199862765891086,0.0,0.3341610115051211,0.02,0.6697041368313803,0.0,0.0,0.2274467178175618,0.3896134682036011,0.2993236131311373,0.0,0.08695652173913043,0.2816666666666667,0.2834493694782149,0.0,0.0,0.05263157894736842,0.0,0.08786850477200424,0.0,0.0,0.05263157894736842,0.02,0.0,0.0,1.0245390509834564,1.5408457079321096,0.0,0.0,0.659686462741596,3.08535056529728,0.0,0.06166666666666666,0.32371385703357636,0.041666666666666664,0.041666666666666664,0.23483739837398376,0.0,0.22035515618314075,0.21944317315026696,0.4129867351305092,0.041666666666666664,0.21145510835913311,0.0,0.4061352073340359,0.0,0.16216675038603934,0.05263157894736842
